559.6534
600.9259
429.8929
568.6613
529.1272
508.1286
551.1757
490.1567
477.487
442.8607
432.5197
486.1831
471.9629
534.6643
553.7985
514.0377
572.6692
677.7861
513.1074
396.0146
509.8835
659.4396
536.9289
637.771
572.6674
473.9944
552.2323
386.6814
350.3122
379.4432
366.6302
319.8873
318.0483
341.0313
348.0964
309.8908
271.345
271.8852
298.6061
323.2665
342.4853
424.1748
466.4357
404.5777
471.5165
625.6724
486.9882
411.4473
379.0634
360.3243
400.6476
398.2666
493.6849
635.4279
452.6968
412.2545
530.3212
490.3301
608.3537
719.645
460.5916
363.7532
377.1482
374.3457
392.971
375.0965
404.6807
275.2335
199.3335
209.6776
200.968
241.4584
187.272
269.2907
248.4432
233.9301
289.928
308.6385
306.8864
297.3702
298.5277
305.6538
261.8585
292.3703
229.4751
270.9194
269.3173
276.2303
291.7165
303.4833
306.5374
299.268
216.8625
296.4201
399.9705
286.1328
280.5519
394.727
592.3475
532.5894
436.3058
571.8939
456.6631
475.6592
351.59
504.6737
607.4176
664.9829
471.9943
446.5409
372.9635
409.4734
424.1294
382.5021
371.2503
399.9371
512.7141
433.8743
380.3012
317.0743
382.0345
527.8022
367.3473
339.7769
403.1686
454.4487
429.248
428.0669
456.5625
495.2832
525.5106
479.4141
434.3161
315.7222
362.7815
298.1521
337.9768
280.1221
303.3965
299.123
309.9713
287.9678
298.3809
334.9786
314.1157
326.5208
262.4003
269.2854
238.5565
337.4702
409.7678
398.8298
320.6889
329.0082
319.1605
328.1556
308.5338
355.3763
306.1013
458.6193
593.4091
506.0671
400.9217
376.7166
373.1258
393.5645
464.0952
417.9517
415.1507
444.9266
612.7241
571.1241
420.9963
355.8957
414.8345
367.3656
340.4324
289.4965
298.74
274.5042
354.4053
313.7809
341.4622
303.3673
402.4885
269.9644
272.327
251.4057
306.9294
417.8838
471.3891
436.3135
430.7209
460.2024
473.6665
471.1895
605.9755
438.8786
429.1985
383.6336
549.0539
485.0002
456.3206
375.4554
615.0015
585.1307
606.1725
616.9777
543.8331
443.5355
419.6255
405.524
289.6951
309.2208
387.1453
516.9133
462.0891
381.4721
522.6321
548.6556
522.4685
571.8894
477.1188
577.529
434.3811
384.3712
330.7193
342.5397
314.1433
269.8928
322.6691
373.5755
347.1421
265.1259
225.8242
164.8739
230.4392
220.5728
164.0129
192.3044
181.4042
205.0255
218.5182
249.8065
238.1028
277.0152
310.0937
275.6171
273.3891
250.0175
280.5219
426.6591
350.4818
310.2998
335.6521
338.3996
380.8845
457.1211
461.5694
390.5738
413.1108
321.1356
397.1639
639.6703
739.6433
706.9009
923.021
658.6744
526.7224
542.7077
439.6293
519.21
433.781
370.8191
453.9684
408.5482
581.855
701.6597
716.3869
588.0455
477.4512
473.5513
470.5804
483.5576
502.3811
540.022
636.4445
655.3693
825.6888
652.7449
628.6866
581.7364
459.7183
466.6753
483.3302
546.6187
572.483
726.1629
722.9651
666.3904
516.1113
487.3519
518.2998
513.4062
439.439
427.9966
359.261
389.2524
454.3502
460.0476
408.1463
384.1927
457.4273
475.8846
462.4862
521.6224
408.5542
388.2436
298.4737
334.6937
261.9804
260.896
277.5828
266.1065
209.9476
199.666
165.8363
167.0751
178.3505
302.6032
312.1271
244.9102
353.1168
311.2173
322.6893
375.1784
408.0378
411.2598
283.9114
320.0322
324.0005
437.0642
361.1
342.9033
491.1503
424.2318
481.0434
493.5513
476.9784
445.9526
376.3536
353.8622
336.6698
325.9439
384.0228
565.518
630.103
646.723
547.7201
615.0575
696.9211
612.1014
468.8272
565.5587
500.1504
517.1465
436.1443
440.9071
418.5783
467.9447
573.3228
586.8521
496.9759
586.7105
468.2385
587.2926
601.2216
578.1108
600.8918
616.2599
554.7966
429.5349
466.7255
409.9259
338.0167
474.3608
465.2889
357.7691
258.1727
239.8551
328.5378
307.1207
363.1411
297.4653
354.1187
344.9934
308.6999
271.6529
286.4955
297.6877
347.4902
280.7188
330.6726
375.824
281.5383
248.1637
320.3283
412.0895
399.5463
436.7414
419.1801
351.024
371.7837
309.9493
261.3753
264.9347
165.6493
172.1573
266.7905
252.6181
330.3232
247.3091
226.8105
245.2423
298.6505
294.6157
291.2509
288.8287
267.2962
233.9203
165.7038
162.4009
161.764
226.7288
237.2337
248.9214
273.5776
340.7977
355.7546
301.9608
384.0457
438.6903
356.3702
388.4261
382.1678
442.3628
459.7411
837.8342
768.2959
588.3277
610.3275
633.2526
396.0623
561.9862
720.4563
715.1801
806.2855
716.6427
680.3583
705.0614
588.8626
620.9083
558.1907
547.2677
470.3148
419.6897
357.453
386.0081
377.6436
274.9635
326.964
349.2391
350.6682
394.7423
398.1246
321.2143
265.7708
305.348
265.0578
313.5295
382.6366
430.5396
456.0452
453.9946
523.2995
468.0624
563.0974
685.2455
740.9803
662.497
506.9902
482.2179
673.9662
587.0884
571.6993
511.1094
382.6841
312.7435
331.7974
287.6274
321.3389
291.6307
359.682
365.6806
446.671
483.4103
480.6305
385.4198
323.3354
264.4603
232.3097
254.9817
298.0574
285.5037
311.5941
256.5878
298.8412
320.5277
325.6136
275.3191
226.2906
228.2889
236.616
282.5241
298.5458
313.512
382.7235
434.4875
305.1873
343.9441
391.6317
373.5894
428.1345
375.9417
464.2631
452.5186
370.8082
422.0826
285.3838
329.9347
312.9977
332.6287
339.4816
272.8235
323.3938
293.4478
365.4
348.1588
402.9779
409.4618
313.7704
251.7454
291.2426
305.8802
307.354
290.8517
411.0907
358.1294
289.591
238.5699
232.9303
305.4759
344.2236
373.1557
440.1503
371.7403
406.0451
373.0854
251.6488
265.0832
297.4591
327.7981
276.6825
211.3819
299.2233
427.0811
396.4043
348.2151
310.4068
261.0686
232.5823
246.1753
426.6902
412.2808
282.7373
290.8523
296.6338
385.191
401.3013
420.0053
483.424
408.6563
396.5612
364.5942
463.1738
534.1705
530.4376
468.0131
306.7031
329.2654
459.8976
446.139
362.9142
374.1734
425.7846
470.9731
452.7999
429.3891
384.1318
290.3675
347.0456
282.9465
318.0788
225.8922
190.8911
192.4907
255.5679
280.3974
263.0129
287.5162
275.6239
459.8455
419.2605
558.6686
541.8325
374.5282
307.1581
351.5525
391.1024
291.5471
360.158
223.9799
277.3112
216.212
272.4897
206.6792
200.45
214.5745
271.4461
293.7943
232.7414
303.7037
286.7486
279.2612
189.1584
209.0262
203.0975
176.1455
129.3647
176.151
214.1119
250.568
229.347
249.9075
243.8401
272.6673
288.8229
401.2943
313.5886
311.2403
375.2301
434.7096
377.3214
449.7663
353.1123
250.5227
224.3149
239.9142
215.1495
220.7311
194.033
205.7084
287.9806
326.5375
341.806
389.653
368.6813
247.6578
200.7569
175.3955
238.5519
255.8664
269.8027
309.819
235.5217
262.6786
352.5971
342.7067
313.0489
231.7808
267.3148
285.9881
315.2099
247.7442
298.7876
233.7629
176.9544
233.6711
169.6655
186.1321
186.719
195.9737
257.814
270.3576
356.1026
336.4323
384.1338
377.0495
422.9794
526.9935
448.7158
326.3424
268.2958
293.521
240.8599
285.0382
239.3047
243.7593
266.4212
243.5402
212.9669
213.6263
180.6597
200.613
230.442
218.3416
248.2062
225.9362
249.8671
253.9023
343.0487
338.2267
348.4229
332.0798
410.5374
322.6032
349.6275
354.4204
326.6702
285.5196
224.752
197.5531
295.6037
237.0342
213.8905
178.0512
160.7092
138.849
137.5595
148.2925
187.1133
170.6088
152.3286
188.4811
195.6615
226.3532
228.9358
242.9351
241.2793
260.5216
265.2756
213.3437
229.5474
256.8524
249.4276
273.0861
251.3856
291.3824
335.5259
326.0095
424.5705
323.2458
352.4717
290.1762
237.1112
209.5785
248.4899
238.653
350.9247
328.5919
398.3122
383.879
456.9604
464.858
512.8009
348.1123
261.587
294.6788
309.2649
363.0014
385.5271
528.8418
374.7315
406.2519
390.8352
334.1289
452.7466
374.1551
320.8797
242.4086
236.8942
257.2419
279.7985
431.0054
436.1636
510.8267
554.3556
450.8393
481.9752
461.9503
298.0082
305.7186
368.941
368.2646
435.8225
523.9992
533.1113
610.7242
596.6031
468.1354
490.4613
398.3995
423.6119
303.5451
207.9889
193.3678
218.8733
185.8329
202.0413
217.6523
205.3455
168.7708
135.4307
146.7074
181.1999
154.346
222.2672
236.7419
265.243
257.8006
315.0474
306.887
351.6498
309.5262
265.5246
251.941
274.9265
286.0244
337.7653
313.5269
248.2579
294.9905
301.3348
455.8654
568.5237
446.7219
400.5812
486.7177
483.4519
459.8198
368.2068
464.246
481.5769
481.9041
397.3113
356.4643
284.8101
333.5706
347.4318
353.2165
305.4597
323.0025
263.7332
236.2205
239.3057
245.907
198.4827
272.7047
268.1084
215.4502
245.327
239.6233
238.085
317.4622
423.8604
506.9356
421.3934
565.0356
648.4951
702.501
707.1692
746.1616
676.1872
605.7278
423.4869
403.257
291.9183
312.41
431.2666
341.2052
395.0605
450.076
384.6292
445.8009
538.9164
565.8491
561.6542
472.3576
371.5114
478.8522
300.184
374.4918
418.7508
434.5666
467.3014
448.2134
481.9552
526.9719
610.108
614.8642
626.9615
641.2506
715.7205
502.9342
479.3489
461.3659
440.0902
495.9278
370.3761
385.8727
358.1347
308.9072
287.8486
403.7181
437.5293
451.7298
389.3975
348.9149
354.7172
351.5706
433.923
353.9951
399.1409
341.5835
302.9375
307.4768
356.3001
369.7833
253.5798
263.7168
202.0939
265.1733
349.0949
443.4409
431.1014
488.4512
420.8758
368.0869
333.0277
279.2953
215.094
187.5801
209.6172
243.3622
271.6251
286.054
306.3017
319.5844
343.1292
343.4222
343.0464
306.5964
260.7467
332.7029
381.062
389.6157
301.5642
319.1461
405.8608
369.3384
417.8324
412.98
333.6106
333.6161
453.1508
501.5164
417.8562
381.9049
347.0244
265.941
311.3463
275.3466
244.3033
223.0208
226.4671
175.9028
185.3631
168.6384
168.0129
185.7157
169.4545
198.8258
225.3628
245.521
210.798
177.2096
196.9424
234.166
207.5166
185.3625
219.4635
231.9377
192.6794
195.4996
210.6627
250.7458
298.6416
366.6352
335.2922
347.2614
304.3887
394.848
320.7755
259.1691
202.1064
202.7063
200.7589
197.0985
206.7272
287.1279
349.8892
318.7991
327.2382
438.9592
524.7182
507.3614
478.2127
571.9067
527.2903
701.8415
471.0438
399.436
568.7037
690.7066
570.026
477.4526
520.4376
440.7688
511.6239
606.5313
580.7257
574.4164
500.5412
472.9052
431.7771
517.3511
504.7492
579.7152
543.7139
442.8802
408.1
398.1207
322.8905
399.8018
340.7767
480.3041
346.2861
412.8349
436.8751
349.2856
296.2612
297.626
308.0336
235.273
306.3402
288.5492
274.5118
277.1019
287.2274
281.4027
321.6242
439.2774
502.8727
378.7459
412.6613
436.3245
596.6529
483.7107
592.7673
479.9457
572.6972
417.7618
432.5935
505.4852
602.5378
559.3386
431.6837
428.0482
397.7198
438.3444
357.8493
347.2856
384.3667
438.1594
406.8729
414.1988
451.1878
411.7283
503.4657
458.6489
360.9246
351.6284
293.2422
228.5587
231.3096
225.8975
286.1638
230.8396
265.9854
320.5788
355.9364
288.5382
206.7644
205.7982
156.7784
140.3303
97.92261
147.2618
188.8238
185.5422
207.0875
246.1612
353.3576
336.1455
395.7333
339.5364
274.9394
273.7922
330.4272
302.1844
409.6401
413.2612
430.9192
376.3912
486.3532
400.1382
428.6404
442.2548
518.6946
636.3983
502.8335
342.6233
348.4432
403.8008
278.4479
313.4107
442.2859
393.5145
327.7265
329.6863
284.0058
283.9993
329.4149
248.777
311.8163
282.2387
370.537
325.6718
313.3501
382.8029
349.4837
281.4264
267.9341
340.8083
289.5372
264.82
285.8792
309.5844
230.3424
351.2418
341.0553
445.8271
462.4337
560.0678
488.7328
510.6486
558.4956
381.5259
456.0122
478.3421
401.4893
374.9254
372.0502
370.1793
368.2497
629.7027
462.8504
521.1221
476.647
343.3886
330.8074
338.7083
285.5822
380.088
474.5003
449.2761
430.6908
391.484
354.9295
419.7463
336.2618
374.5483
526.1441
562.9135
745.0329
628.207
620.2905
519.9715
474.2073
408.3204
556.0954
508.5978
501.6731
823.161
905.7501
1095.928
1159.15
910.1318
645.782
621.0927
470.5884
439.0103
380.2582
309.9285
212.8705
200.9256
256.4956
219.4169
276.4034
278.6193
302.727
269.4185
256.6684
208.1616
160.6431
183.2935
202.635
239.1751
214.2887
265.9617
339.3635
361.0976
454.5784
544.5952
663.6725
769.8155
733.1675
703.2445
556.5858
420.6226
442.6615
501.0922
398.5695
367.6622
371.212
506.6031
635.3922
581.8329
626.9833
562.9295
487.4684
460.9405
409.5991
290.3098
234.9168
295.419
298.5203
375.4123
377.4463
330.1102
405.0169
410.2273
392.958
468.8055
507.3261
462.9685
479.1211
435.29
401.7497
364.7044
336.9543
392.8236
299.7954
298.0472
467.9489
441.4827
305.7769
328.9235
389.8884
446.2901
464.9228
417.7555
376.6112
322.5089
282.7776
337.8081
397.7755
540.5896
517.3232
577.7973
458.8126
325.7707
293.5894
296.3573
266.7301
250.8608
288.7399
214.4953
304.5012
322.6952
397.9685
394.7453
403.8666
372.9573
344.6152
432.3513
516.5619
542.9716
538.6305
407.507
431.8165
387.4704
294.9429
288.1317
296.4043
286.638
245.9678
376.1437
337.659
326.887
468.2241
351.4364
349.0862
397.4026
338.5288
350.3718
371.4769
429.6745
351.2279
401.5887
349.9034
350.611
395.1948
446.6217
471.0331
545.1697
506.8397
409.8148
415.6745
409.6007
355.2334
406.3996
617.2436
555.507
513.0441
475.8733
512.7964
341.9707
345.8234
529.8507
419.0108
416.0177
356.1247
331.1048
455.445
455.5715
506.4017
369.897
336.3386
261.1122
244.0745
242.9129
177.6614
196.4141
235.8484
226.6508
230.0848
178.6209
216.3368
241.6521
342.4739
295.6612
313.2667
426.4749
369.2307
362.914
357.1551
396.4419
328.8086
365.1119
334.5609
354.5226
516.0101
314.2414
375.5895
466.8947
456.678
330.7316
247.2889
224.2683
171.3289
170.7193
146.2626
167.9012
200.8474
210.5207
227.4477
216.2348
282.3486
320.7974
375.0826
343.1476
360.8903
340.2891
337.1427
346.5122
384.6451
446.6299
467.0451
595.5521
598.8103
477.8598
534.5436
517.0227
391.565
379.1941
336.1865
311.085
300.9194
284.9879
215.0071
241.026
337.5208
283.9609
282.3082
243.1719
249.2388
286.9407
247.6466
259.4829
308.7419
269.0966
287.1105
204.0497
188.2709
239.3079
211.334
251.3483
292.4528
273.235
304.7705
369.1725
440.9597
403.9183
315.8159
279.8945
345.9663
339.1168
332.8204
374.8423
406.5502
309.1829
317.6419
316.2781
293.958
280.4617
379.4152
269.8824
280.701
323.5924
255.13
249.4204
273.5005
276.0246
262.639
215.3966
260.9032
262.1746
284.9721
301.7583
307.0946
322.1066
415.39
494.3133
370.4987
349.1359
502.1841
403.8494
379.487
363.2332
303.9788
267.8753
354.6157
323.6613
328.6614
395.3074
395.4915
359.6958
421.0511
412.902
384.8121
324.2892
488.1372
300.1679
422.5224
350.9686
352.5329
386.1225
352.0338
451.1929
418.3279
329.7568
372.4159
291.5916
272.0667
274.7172
302.4963
263.5099
184.9098
202.9362
187.5755
148.7642
188.4501
163.3976
148.865
165.9381
186.0294
309.6747
341.7202
449.1287
427.3974
458.1224
417.3202
338.9112
276.444
386.8824
421.7331
345.8676
443.768
354.1367
324.3649
301.8075
269.6842
320.0578
316.0457
297.5036
383.5245
307.5856
304.9249
294.0135
389.3337
457.8882
484.7328
351.7979
364.9921
516.3581
634.9427
571.7403
450.7359
420.0371
409.4791
399.7328
397.0287
656.6535
654.3338
566.335
623.5731
464.0671
459.6226
443.9247
331.9179
336.3209
324.4881
244.4322
193.9609
196.6543
183.7439
215.7587
234.3571
290.9426
176.0785
216.1014
242.7902
284.7814
324.3717
302.8764
296.708
284.2034
225.0962
189.1922
189.771
229.4929
205.2177
197.213
232.0505
330.8174
278.2436
248.0745
252.1834
157.1746
208.7866
212.008
180.7546
185.6578
180.0317
274.4601
259.4308
286.8824
383.6625
340.8726
343.5893
360.6472
354.4601
295.9998
229.7843
258.7311
328.9257
246.788
277.7648
414.3346
315.4517
383.2442
273.8076
334.5472
387.3291
463.9481
475.2204
481.9047
478.9278
518.3029
645.8788
769.8125
756.1485
713.7188
690.5593
607.0037
543.3364
407.7375
397.0475
324.2117
366.1011
377.5185
392.1911
538.8671
497.9503
318.5923
377.0298
345.7935
353.0099
345.0396
320.417
336.3206
431.0543
481.7737
336.7628
307.8539
397.1188
420.7573
314.0548
330.1305
299.3053
320.254
275.7271
250.4215
268.9807
250.1813
306.576
288.4453
299.5899
303.8266
286.8253
249.4905
245.6131
220.7781
211.6856
291.0623
338.8034
455.5997
417.9277
429.3452
384.527
425.7419
388.9606
397.0477
390.3902
311.9076
262.8419
259.7813
215.3092
290.7156
269.6534
289.8023
299.1215
301.1614
369.67
363.7406
352.8091
315.8974
301.3351
309.2674
337.9562
515.4554
494.1552
478.5948
561.1309
577.3079
480.4171
618.1086
609.2547
347.5896
330.7743
369.8823
380.9485
382.5638
257.1139
266.711
344.0439
424.6595
422.9131
426.6341
424.9425
420.6133
432.7792
431.4708
379.0472
305.5853
222.0883
217.9112
293.0762
334.8825
319.8077
260.702
203.3488
157.8764
197.0329
180.5879
268.5074
255.4627
264.0236
228.1675
241.4371
253.0314
255.7942
318.7544
318.6049
347.9258
346.3092
277.6867
364.0267
394.1792
355.6824
410.182
398.2251
350.7239
393.4602
388.9038
420.2115
392.9914
345.8852
308.0395
408.6816
440.7597
392.6728
540.0269
461.3027
465.9237
515.8504
564.3005
520.505
537.8016
757.7977
840.1321
638.3497
375.3142
418.3176
372.7961
399.7268
325.5054
336.0866
420.7092
490.1296
417.5922
401.0669
397.6677
395.7273
340.86
267.2347
311.2715
258.6165
306.6691
429.178
458.9924
471.1462
508.6356
613.9232
621.6629
464.4088
418.0907
420.7963
359.0159
319.5934
351.209
323.1784
392.9448
317.5723
304.4297
277.7611
239.0368
278.7554
349.216
427.4651
396.8638
565.7955
678.609
849.8313
728.1464
475.3996
589.9911
640.4534
451.5883
521.1401
460.2355
357.4394
367.7055
519.3684
453.3964
625.2093
684.4108
624.4004
505.7735
342.1098
330.6052
393.464
324.3143
393.1574
302.1784
331.1443
368.4441
374.6855
346.7111
446.7622
398.5794
445.4118
355.181
348.3272
490.9826
511.2534
446.1431
370.5365
330.753
393.3849
353.0115
470.1272
520.1624
496.7015
485.5473
409.4966
410.1975
414.7795
393.9662
319.0633
410.0824
335.3719
281.598
363.1404
502.7591
427.8543
393.7166
434.9111
456.0374
426.1922
332.3357
360.0392
261.4863
263.0429
330.3211
350.235
290.1689
291.5374
298.8805
471.542
398.5087
361.0738
380.0737
342.77
368.5926
541.1034
496.0086
582.3384
641.0039
546.2728
497.6482
501.8888
329.9478
284.2616
284.9609
286.0223
252.6631
295.1088
314.07
269.8174
308.1205
293.2715
406.9173
353.6141
286.2351
288.6109
286.7786
385.5149
389.3192
367.017
293.9821
319.2118
410.4461
290.9395
289.554
266.8851
271.6573
289.0734
270.0884
283.7482
288.0393
384.4107
386.9465
408.5622
438.8644
518.7202
496.0954
462.9433
426.0546
393.6667
429.5377
466.5078
453.0552
446.1614
435.8538
467.3712
454.0896
617.3126
498.3689
424.4674
364.2704
285.5024
209.6928
218.7884
265.0957
326.1079
239.4394
297.076
293.1153
373.0794
408.7534
560.0816
615.1103
612.0423
501.4473
491.2923
479.0734
499.0674
512.9763
448.5122
491.7642
547.3926
506.1539
452.9619
418.1888
436.777
354.2977
368.9165
362.3561
398.8165
360.1615
307.5777
330.2297
230.2829
206.5552
196.7782
207.716
261.6765
339.6424
385.9841
408.9326
494.8845
527.3631
505.9743
601.6231
487.4979
466.125
504.7861
579.7002
