3.863368
2.646477
5.280919
6.951088
10.03196
2.286085
14.46402
45.15564
3.753117
13.62066
8.658118
13.2483
5.229884
31.96272
5.556902
5.667438
10.71083
3.727616
4.763052
1.868276
5.294161
4.903434
8.040007
54.32297
5.765466
5.056809
1.571034
5.048854
3.169468
6.202472
1.303289
41.1882
14.65182
4.338266
8.420186
6.524036
14.75692
5.697652
17.45747
11.1984
11.49031
15.20181
6.44547
6.384427
4.972786
9.478757
5.871466
5.108112
14.01384
5.248992
5.230664
10.13299
7.522903
3.360475
3.230564
11.46883
23.88065
6.65636
30.26951
3.642733
3.429948
5.062608
18.89468
5.004325
6.857651
21.28128
6.30002
12.24679
3.002927
8.664322
2.470802
5.622818
4.746864
2.066434
6.017508
4.608238
5.244557
5.846607
61.11395
3.092033
9.983994
7.025329
2.922769
4.255485
3.249305
6.882441
2.780227
9.888421
7.21827
5.228876
16.09652
11.34491
6.509206
6.70822
11.0092
18.50621
12.28227
8.791359
1.785869
9.894972
21.42832
21.17996
5.70098
6.989317
6.336456
12.47068
16.4606
7.059182
6.25766
16.19975
7.915108
3.08146
7.979312
3.319944
17.35574
19.85834
5.340483
2.680947
11.76278
8.984679
4.080236
22.27126
17.22942
5.730915
5.885552
7.354949
4.806662
3.565128
20.04101
11.24132
9.121413
11.514
5.724926
4.397753
6.377061
5.114485
6.278545
7.166812
2.691793
6.903723
6.571552
6.134494
2.518666
5.322909
3.332099
9.260538
6.944187
19.19841
2.806715
16.62372
43.33521
5.660447
7.638569
5.510964
8.024745
14.12982
4.43327
11.75039
6.314874
1.807689
4.752009
7.147316
4.967028
6.728616
3.96449
3.462572
8.651287
9.805465
3.504054
11.67982
19.40693
8.222614
30.41264
3.573899
40.4942
50.89543
12.32655
10.18848
8.613715
20.54129
5.884218
14.2559
4.796892
8.448577
10.43255
10.31358
4.423094
4.010528
4.214714
4.591845
10.42136
4.949981
10.23387
2.796029
2.219989
2.744397
7.409
17.38916
17.49248
3.640625
8.898395
3.029251
5.962512
7.881404
50.4258
8.906118
14.42404
5.808004
9.339504
14.35315
11.97279
24.45219
6.565568
5.548623
3.249455
5.692185
1.558481
12.44514
7.272929
4.037519
5.491749
9.250631
6.198228
12.89707
19.01532
4.981299
10.2105
13.0087
2.881143
11.90098
37.6311
5.57482
8.494844
4.075698
4.679531
4.320118
7.583558
6.406767
5.140343
27.01774
10.86925
3.505436
10.38807
21.25928
5.403114
11.16192
4.009087
8.834765
7.047462
4.708991
13.93249
16.07656
7.848871
3.404853
2.793715
23.19852
16.28714
12.27834
4.278725
5.022501
10.98911
5.362559
7.096278
43.83664
7.543134
24.51718
3.678786
2.333563
14.07685
2.821034
3.306898
10.28845
4.107812
4.649434
7.752459
16.83829
41.71991
2.40623
4.17058
3.61543
7.14712
4.756067
9.518201
10.3019
3.172034
7.218585
13.23491
2.214763
3.368493
4.669568
3.563731
5.521199
21.33574
8.805294
21.37207
7.054807
4.695953
11.8413
3.242122
12.47625
9.759164
2.358024
33.30981
8.31711
20.08985
8.561818
5.446375
9.696231
6.251289
6.430972
3.149311
5.507002
5.116916
4.035819
17.50038
11.53569
10.61584
3.424328
2.755121
7.200636
25.40832
3.139161
3.543777
12.49382
27.98817
11.7469
8.756557
4.611423
4.055086
5.106675
6.979847
8.851225
5.724247
3.597751
6.818786
3.657574
2.258439
5.636542
22.14256
6.17368
4.707395
3.845839
29.36898
9.601413
12.89733
7.499807
4.494397
4.111385
8.258873
4.432444
6.403483
3.195579
5.552275
7.046138
3.883077
10.78422
81.74411
34.58474
2.612594
7.903935
9.45188
4.894066
1.375622
4.269057
14.4178
4.372805
20.225
3.663586
18.54606
8.639904
13.97043
5.198017
50.1587
6.352274
7.027981
5.206765
9.785328
5.014016
12.34716
4.606009
11.83082
8.095106
6.465408
3.874161
5.45604
4.318898
2.126162
3.078841
16.5779
6.996315
2.573129
10.54357
3.213786
6.121039
5.668981
5.378297
10.17579
11.5302
3.771746
6.756564
1.464151
1.866172
4.611427
7.232058
5.648547
2.692789
2.717721
10.67471
3.535837
3.960894
4.365007
8.936384
4.79096
14.73263
10.87299
10.99106
2.460789
3.026673
7.477262
8.513233
7.062832
10.1101
2.967959
2.284247
4.669877
7.991922
8.921859
4.183592
4.203947
5.093722
12.04109
1.756277
11.77143
16.66489
2.208817
3.401389
2.16145
4.59501
2.994545
4.406079
7.474985
6.01953
4.441873
4.228446
2.64725
5.950587
2.851802
6.454359
9.894866
8.015521
5.75102
41.91895
2.259762
3.793189
22.98123
5.712979
3.000841
14.46929
7.987339
9.929113
5.962377
5.252446
2.631571
8.332992
5.801841
19.78653
6.867143
11.30988
6.400077
15.50759
7.485882
6.230458
4.029912
8.528153
4.204257
9.00339
5.480845
10.27955
11.20367
6.630624
7.683414
8.808326
23.45973
17.73815
5.051328
4.01126
11.80913
4.994649
3.758562
3.0801
3.690289
10.51424
11.73015
4.960042
5.642155
3.606234
5.209245
6.075207
8.745509
4.401488
3.047865
12.01661
35.14311
26.62729
13.44913
4.291456
10.32502
41.23761
6.057178
6.610208
20.37208
8.777606
8.507351
2.988499
18.48468
14.98281
4.420031
3.952935
3.508305
2.810472
14.37424
7.164545
3.232398
10.23991
5.590739
5.517525
4.388728
5.510874
10.97409
12.07951
13.978
7.913817
26.18481
5.744035
6.042167
2.92123
1.958087
7.464123
5.578449
6.950122
4.910483
10.30296
8.618694
3.813469
10.75528
5.854993
14.51778
4.063096
5.583937
4.206414
21.26121
4.969086
2.572522
5.831326
4.875204
3.562819
7.791248
1.957306
23.80608
10.44343
3.408305
6.472894
4.551931
2.543433
6.816655
14.65786
5.252624
2.683279
6.221503
2.038909
5.840568
7.463045
7.765513
3.321473
3.902363
13.23856
2.251302
2.13438
9.974847
2.929248
16.54998
23.43719
8.77781
24.10912
5.640473
4.53202
17.15226
19.17918
8.655986
3.518212
3.416343
10.68113
7.211984
73.23411
6.690546
2.557136
3.40289
5.187631
11.81183
16.90083
4.378221
11.27862
3.567608
7.436682
2.813772
5.680202
7.338543
3.884503
17.10596
3.356059
17.67073
2.925701
5.237256
28.25122
3.689677
11.93754
16.54954
6.705571
5.896749
11.79675
3.994977
4.802884
6.129686
9.050326
3.398425
4.06553
13.53144
16.94608
4.65198
12.14773
3.190109
10.19558
10.85571
3.572708
9.379602
21.8607
5.539013
3.965627
7.454153
7.108808
20.22073
3.585982
4.408341
8.577136
12.29679
4.024181
3.258788
3.348979
2.581535
1.705874
26.03453
3.185785
4.969126
2.572481
6.027798
4.995299
4.243254
18.13101
19.04322
8.921589
6.065252
16.01473
9.673042
16.61219
2.678901
2.451907
5.791588
2.764831
5.237553
23.27782
12.27302
13.76593
2.161062
4.790146
3.862079
9.574551
9.40323
9.815451
12.5332
2.967031
8.293847
6.798599
3.517834
5.497596
3.422875
4.830579
3.225372
3.545275
20.18247
6.379853
11.43165
4.465459
13.62344
4.511881
9.620698
7.069469
2.183038
16.24793
3.845644
6.355098
10.53446
3.837635
2.931444
52.45189
2.556998
2.988122
4.261706
8.263568
30.4897
12.76773
6.735533
4.22205
6.775287
12.70049
79.38211
36.20103
5.803074
4.474543
3.342636
41.7396
4.119446
11.25437
15.83779
7.644548
15.39075
22.96164
4.233383
25.65278
2.911812
11.92168
3.939508
2.606747
6.157652
15.24734
8.997375
13.84622
3.277934
10.04292
14.96372
5.996178
8.147168
12.22312
2.37826
11.98552
11.63682
12.52657
17.12245
13.40861
4.53186
22.68869
3.753878
5.553473
3.85619
3.211074
8.282034
5.792514
12.38946
11.35444
7.060326
3.920994
2.917279
20.1552
11.87714
3.461044
10.93605
15.92406
47.34276
43.05187
17.82356
21.48606
13.38911
9.280374
3.530376
19.88033
10.59429
47.80086
5.671422
20.34592
63.59047
4.776689
12.03334
2.119722
3.4835
5.766912
4.034174
7.166362
26.23289
14.60658
3.69885
6.442315
8.848439
11.74364
25.34526
12.91071
6.23796
8.983845
2.67931
7.685717
2.024223
3.736853
3.98741
11.29634
12.19705
3.173251
2.46696
15.24786
12.0277
4.273356
9.118111
18.68688
9.82125
3.413437
5.843073
7.824016
2.487301
7.135355
12.87805
7.597957
10.46282
5.203655
14.37064
3.954799
4.693389
7.371831
9.034923
4.062513
7.605597
8.692506
7.632184
10.05731
2.002176
64.88778
10.38401
2.791592
20.50159
4.197038
11.60561
3.451269
2.874826
7.382812
11.22051
7.303618
4.18122
9.374797
13.16698
5.282843
10.10609
8.158218
3.525932
9.166061
5.265791
3.909519
2.708063
4.75198
25.21488
3.848021
17.74959
10.6136
33.77465
3.199684
17.24155
21.51432
121.0704
6.580235
8.153934
2.624275
14.88213
6.464215
9.445805
5.96797
6.690344
10.16937
4.939283
2.13381
17.88928
37.50628
25.59988
3.083183
7.498852
4.385026
23.31094
9.906351
4.262871
9.774708
4.37555
3.726209
7.806491
4.418069
4.459682
5.198938
3.111471
4.738835
17.02026
12.67656
18.94888
6.076225
5.933122
16.96361
11.69142
3.072731
2.343084
4.699498
8.715389
11.70358
8.983742
19.54448
10.04815
4.468855
4.620619
10.32415
5.544657
7.704654
5.074686
3.546467
7.067731
9.377955
10.79457
7.018364
4.858644
3.536888
4.67437
8.05193
3.428301
6.855759
4.52094
8.046533
7.693791
14.29402
2.121606
3.388916
6.366402
5.450448
5.568202
4.77929
19.7364
4.443042
5.415844
6.28686
5.812952
9.443376
10.46335
3.737075
2.977086
80.44492
2.223229
3.994772
10.61413
11.78644
14.38864
7.691949
5.248635
3.787138
1.860087
6.948878
5.536183
6.775416
4.512841
7.728776
5.908078
9.976161
9.040333
8.960355
3.000229
7.397652
11.65315
2.46068
14.49686
6.87324
2.52444
16.90193
52.00857
5.016875
3.065622
2.621721
14.42478
55.70089
20.716
25.80131
4.018858
14.15714
3.457347
5.223118
2.883731
2.975372
3.463725
9.925896
7.075606
9.715799
2.820543
6.100835
9.17923
10.50309
2.236438
8.848253
5.689367
5.488303
6.180507
9.265249
3.748899
3.885469
1.779977
9.342687
5.371962
5.163355
6.005317
19.71135
3.66107
12.2609
2.886739
14.71417
3.07311
16.21689
15.10604
4.089925
8.13682
13.05323
5.45373
4.302873
9.119804
4.996235
2.851004
9.966962
61.60856
197.4604
3.280387
3.17725
4.201935
4.378654
3.676559
29.57263
4.699363
3.009331
2.703826
35.64939
18.36226
8.950321
4.723869
5.777868
11.33376
3.08792
8.630016
10.19301
5.466286
8.489619
2.029082
10.19988
3.798664
4.345932
2.244534
6.62722
5.090693
4.559657
10.00038
11.77078
13.54021
3.776652
3.25066
3.165441
4.651787
9.032752
2.913861
3.466625
13.87098
11.78036
8.168855
4.257186
2.849489
3.466758
4.50119
17.06561
7.702898
7.729947
9.777563
3.373824
3.580264
4.285554
2.657544
2.869257
10.3698
7.789163
4.411711
5.906026
2.67692
29.25949
38.53594
7.36339
3.559244
5.29223
19.59848
3.681102
3.881248
5.509909
8.364241
24.88556
51.39097
4.735245
11.26457
29.01558
8.920355
8.101127
4.365229
2.876789
17.9137
10.04161
7.360193
5.623997
3.577063
2.313291
7.257728
13.95317
15.98062
3.332796
15.9378
6.407992
12.65949
2.210341
5.691077
13.13519
12.2397
4.692191
6.530123
24.28752
11.25608
12.22956
5.021167
4.192234
10.69778
8.514759
6.957395
6.594372
2.361091
4.357294
4.802265
18.29692
3.062188
14.44994
5.309121
7.896939
34.59882
8.759029
47.62833
5.26791
3.740171
3.431159
13.49893
6.267108
1.803518
4.449188
10.31824
5.942176
14.20264
2.997228
11.46307
13.97223
69.00499
17.86704
15.31801
26.20313
15.64826
10.34479
3.563368
4.884036
6.201985
15.85971
10.95189
4.160002
5.553046
5.122626
8.841093
11.08145
8.916367
16.44889
2.292977
4.56831
5.242243
24.37782
8.958425
2.551376
11.85049
2.292768
6.148257
3.143411
8.040764
8.683166
17.67712
4.359238
16.08553
6.112871
1.9019
2.767395
4.61802
5.017761
4.38419
3.178407
9.288539
4.593464
25.2113
6.789099
5.193187
3.645706
2.682924
3.185558
3.665654
5.396087
8.09975
13.30057
15.16441
11.62863
4.597156
3.172322
17.22155
4.972498
8.639127
5.840221
2.988457
6.666908
7.238365
4.280771
29.15088
23.48399
12.86611
3.539885
5.414323
9.443135
3.806632
4.826614
6.534318
1.344364
4.137233
2.450101
21.35357
8.081424
3.391837
26.86499
3.223505
3.494168
4.458866
8.222037
22.30558
8.007404
131.9458
78.91838
6.25712
86.42933
4.541797
9.891329
41.182
8.503772
8.697636
26.52762
1.695209
2.279229
9.085909
21.86077
2.631583
3.708314
9.206942
24.26844
5.585771
20.86008
26.99294
6.288018
5.086688
7.05529
5.816866
5.410236
7.381123
3.418505
7.348319
10.5109
4.719551
57.66549
6.075238
4.023806
3.10085
2.799333
3.335808
8.809603
14.18983
5.208905
38.80346
2.950231
12.77064
9.027137
1.740397
5.487436
6.288699
2.382246
3.304933
5.391403
43.80114
13.77143
23.03835
3.733732
10.14861
7.185121
5.152279
3.987371
4.06513
2.797256
6.545187
2.758524
3.23358
3.438513
4.936316
5.306665
20.917
3.5348
2.456566
12.0418
4.999727
6.60281
16.35886
7.536747
18.61524
2.357018
5.416085
17.00773
12.33568
8.51272
8.220807
31.92852
2.008713
55.80117
2.981555
2.884918
4.408398
6.254384
9.390286
3.089182
8.749843
5.167576
3.735205
4.787979
5.717747
6.188542
2.975647
12.23898
5.31898
19.72597
17.83439
7.064532
3.607509
10.3898
12.78496
2.885646
17.28627
4.448595
4.941019
4.817188
4.396423
4.650864
18.45624
1.911508
7.128115
5.23937
4.648962
10.67474
7.933178
8.825745
8.837341
16.53345
2.07193
4.436957
2.532055
16.39091
8.577256
4.828999
5.695053
16.64789
6.332576
8.904237
5.880489
1.734336
4.615794
3.769273
16.50886
6.161901
3.725394
3.937546
3.254079
23.73957
10.08
3.556589
4.789597
10.83599
4.684753
5.333301
4.74402
5.338933
7.024201
3.629881
7.078483
7.119893
7.292104
2.831532
5.203128
6.578853
18.65234
4.418887
8.962235
15.36717
6.01387
8.80169
6.702611
2.247731
8.696624
4.160379
7.484315
5.917291
9.727653
27.9089
5.367462
19.14907
15.75126
4.50143
15.74925
4.588402
15.38215
4.078891
16.65445
6.607174
2.848585
4.852075
7.378134
17.13314
11.95769
4.706262
1.908291
7.063304
9.683368
6.611855
4.490011
8.74285
4.694617
39.08455
5.024519
4.546423
13.89782
7.056527
5.084221
3.556487
6.997749
9.077056
3.233491
10.82686
3.144011
3.993342
9.940763
4.060683
4.385845
3.277854
5.694362
10.00676
3.978256
12.62516
4.861572
7.040348
5.643398
3.952079
4.617432
4.675028
5.730241
3.560905
2.056917
4.837034
6.78297
2.520529
5.604479
8.922407
3.063535
5.841775
7.272822
8.183534
3.781856
2.195277
28.31694
33.47388
2.718011
5.326844
13.37628
12.16905
6.407428
6.835773
10.14936
22.80443
22.45691
7.505879
4.005589
8.047131
5.348417
7.604291
4.655873
6.212296
2.771801
10.11125
8.478679
4.404678
4.39929
3.172067
7.032654
16.04878
3.549384
8.058784
5.263189
14.59852
13.05046
13.8741
3.343328
7.999845
3.345458
4.055993
15.31564
8.473662
3.792623
7.733566
5.36614
5.449971
19.07914
3.403458
12.96817
10.70413
9.064882
3.811248
8.017915
6.570276
8.024794
11.147
13.78054
10.56195
8.79488
5.708825
8.975776
4.87573
8.278159
7.947844
3.999785
6.80069
4.439046
10.02308
9.688376
2.566786
2.966876
7.521304
18.34367
6.823444
2.946718
36.92957
5.804945
6.802235
2.844496
8.383651
5.395314
31.94884
36.01437
2.628146
4.103325
96.59602
9.484041
1.984809
12.69883
4.66519
7.810446
15.19545
7.581717
4.341812
6.195101
7.554598
11.92338
9.872716
3.015181
2.445101
20.11083
5.657757
8.273872
2.517639
1.983027
2.941248
44.54084
2.811765
14.58846
9.669437
9.396503
11.75263
3.888741
4.442741
8.512492
10.71154
5.452546
36.08924
2.719262
38.93995
8.424121
15.08273
7.857715
5.460838
3.689322
3.305669
4.07463
3.754733
25.63911
3.392162
2.221646
14.19092
4.612986
4.700599
7.885314
5.489231
7.587475
4.960947
7.568784
7.972171
34.85217
10.98982
17.1021
3.461743
4.309162
4.01242
7.558426
4.50098
6.040535
12.91817
10.84312
3.354881
35.93128
2.837891
7.919108
3.515283
10.38272
6.206233
6.014576
5.138628
4.387605
4.457625
3.590652
3.943876
12.92351
25.12807
2.422791
4.559169
7.330324
5.364652
3.192351
5.686053
4.698458
26.21355
4.450671
7.704755
8.127522
13.92087
4.850233
6.589358
2.980045
8.451655
2.373588
2.8487
15.08222
15.50728
9.601647
5.958087
2.527465
15.1831
5.207675
2.559595
29.66319
6.84529
4.114011
8.913463
16.50816
9.213205
8.856005
18.69007
34.3523
3.913713
20.05075
51.16039
37.60353
6.814831
1.55413
9.425961
4.332483
6.18851
2.100382
5.145391
7.93702
3.012004
7.893954
2.641743
6.21282
7.224777
4.902817
8.206683
4.702153
12.48876
6.908234
32.73681
3.22621
4.205387
5.098348
3.931392
24.34487
9.564781
4.428285
3.515183
3.599348
2.553394
6.974966
18.09061
20.40976
17.59016
5.256023
8.815174
1.960805
15.92981
4.87695
9.518196
4.21406
2.039454
4.53389
10.95422
4.551589
4.439255
14.28999
3.327667
5.262323
4.000561
2.584555
5.77558
4.517902
4.173941
5.704374
4.718858
1.935073
4.090448
6.03034
17.10268
4.060479
3.734362
22.31887
13.74291
5.46784
6.941564
4.782132
2.473119
5.599445
5.807697
12.66326
10.67388
7.857103
4.158536
12.58677
5.475923
6.903165
26.294
2.76849
10.79531
11.15066
5.36299
9.763375
15.68019
12.1249
2.807993
4.907716
5.049581
9.546228
5.837809
7.348813
2.743612
7.490642
6.429866
3.11871
12.27368
5.415065
4.765231
9.792065
13.33972
12.69938
20.69454
9.620215
6.37579
10.17657
6.138614
6.963105
8.424915
3.752748
13.94971
10.48155
8.190527
4.904729
17.10737
4.53013
1.602875
3.223249
14.01033
7.039663
4.557634
12.31199
8.057486
7.998904
4.119382
4.148278
2.718904
2.669589
52.56389
7.337657
9.246026
8.217312
14.9206
18.02742
5.881088
7.347611
5.361142
7.978078
2.767882
3.919026
3.099668
9.419743
5.404529
21.0913
8.457249
7.01476
35.0881
39.83175
3.953474
7.737428
3.991741
12.64759
4.139004
12.14022
7.22133
7.563211
2.256898
5.643354
2.770397
6.350511
4.263321
4.755915
10.77101
6.828525
5.838039
3.412112
9.384422
4.765526
11.48114
12.88914
8.360199
22.65166
9.040873
6.826338
8.027958
3.028313
14.12227
10.24104
14.39598
14.01152
4.367737
11.40609
18.3961
6.785804
4.829282
21.11007
5.991712
13.13321
7.35684
3.241066
8.471738
5.653003
13.84533
5.551833
6.92332
5.681018
3.098372
2.379803
4.742123
2.867138
3.267126
32.47502
7.855112
9.447774
6.652999
10.63342
3.447533
17.8955
4.462891
5.824733
3.073863
5.834181
12.32466
14.07011
2.665844
8.222043
18.67002
33.81985
21.21621
1.67708
2.921603
13.56001
5.777574
14.20147
5.841617
20.07477
10.68838
9.301879
5.102074
6.38012
21.83894
32.63621
5.658918
4.486005
3.64652
8.071728
3.305823
3.061044
4.288264
4.61535
8.286919
4.501359
4.148749
26.20766
6.020421
4.958014
22.03975
6.066192
18.17251
2.819225
2.061651
3.372516
15.20902
3.865705
3.427556
2.884908
8.21914
3.669863
19.50037
21.97073
9.618052
4.032026
11.71002
5.634218
10.18827
5.084751
6.235919
2.840764
2.099907
72.75775
3.639989
5.747578
10.37539
6.233435
9.522964
39.2384
11.79007
8.862
8.589798
7.820567
8.221549
14.99073
4.251241
4.070361
3.799345
11.60675
2.21582
4.759
4.901001
2.082693
3.814704
8.561992
19.50741
14.77066
29.36698
14.38792
3.813493
6.557728
43.10107
4.530061
7.519068
5.633852
7.928508
22.64553
5.7273
3.595828
8.556248
4.504196
4.253171
3.163446
3.219348
4.558994
8.992186
7.37463
12.97555
25.15457
4.605392
11.43332
5.471157
9.528186
2.605733
13.07924
9.125472
15.63834
7.116246
