4.734662
5.029375
5.464757
3.946316
11.3976
5.991851
3.106444
1.874154
3.503699
10.01272
6.170335
6.960451
18.16074
7.601337
4.431125
1.641573
9.923207
2.326569
5.190764
2.244692
4.580165
3.597127
11.2465
9.595369
2.891981
2.935642
2.981605
7.126972
8.134525
2.345947
10.86883
4.054333
2.869047
4.539435
5.879636
4.509548
4.951808
3.440171
7.245162
5.527384
4.425166
18.86783
6.286457
3.661825
3.093914
5.997737
2.565472
8.566577
3.53153
4.208811
2.743644
6.367277
3.287626
11.6195
19.62752
6.450042
8.372273
5.089576
8.806976
2.636635
3.79552
19.8889
4.005719
2.66882
4.076296
11.12645
17.54293
3.639413
8.727466
8.605229
2.112066
4.676775
2.149995
4.719809
10.91243
1.933069
6.134925
3.5411
11.08148
4.879758
3.037143
4.744887
10.28866
3.326743
13.59849
4.753865
2.060699
4.716088
3.469905
2.575447
5.441412
5.379759
3.323145
26.01773
3.295274
2.436131
1.961549
15.42894
10.96615
13.16199
10.15564
6.481792
2.117381
7.949958
4.892616
19.85908
6.557725
3.185874
10.15215
11.10237
5.876791
6.256853
2.409705
10.61814
23.22673
3.738229
9.567361
6.568801
3.842173
3.035535
4.382727
2.364549
2.442291
7.748917
7.155458
4.396497
4.024044
8.032532
15.10519
7.365784
10.16551
3.020131
4.508714
11.74973
19.58436
6.807717
9.926979
3.877396
19.24369
2.316961
5.427073
3.672211
20.37938
5.849307
3.957939
4.519568
15.40969
2.936185
16.26901
2.686073
3.919502
2.313769
3.460814
41.36815
8.233435
12.00727
3.531381
3.187086
3.251868
3.273276
9.481866
5.045967
2.158447
30.69886
61.64471
12.29264
14.03658
3.650391
4.267354
6.384927
9.113707
2.838635
29.1574
7.157558
10.58287
3.975017
17.94479
1.912019
5.074578
4.831643
5.079521
8.774775
3.331796
7.456405
6.334263
9.849099
4.039616
12.81159
3.123177
1.812485
9.661977
18.01107
3.776582
7.559782
2.094059
4.793939
6.719737
10.30957
3.291402
5.598156
2.730887
8.471682
3.658906
4.956174
5.80525
4.423215
2.407309
12.44496
5.084524
20.23448
3.517926
8.487947
8.985038
8.404544
8.728729
16.48022
8.130495
6.065562
8.00674
6.149144
26.14412
3.931009
3.693361
5.098458
9.515576
20.9473
3.809145
5.159203
2.924379
2.217523
5.572186
7.703397
10.24269
11.79214
5.379504
3.203375
9.326071
22.31904
12.0012
6.622339
6.749858
5.419691
18.11916
3.225653
1.973955
2.918558
3.496612
5.603511
4.322121
3.627208
1.171233
3.310602
19.34083
15.0776
3.268725
3.032376
4.060857
4.738053
16.80699
6.274184
6.742229
3.173553
16.24121
4.030973
8.062794
9.025174
2.432026
6.773418
5.468722
8.342602
12.53938
5.117494
8.636447
13.48327
3.997742
5.228227
8.824788
1.810443
3.550275
5.335186
9.539641
16.17505
7.946084
3.784672
6.465073
3.323137
5.936052
5.088547
14.83292
9.982815
3.494048
2.495972
7.717263
5.870927
60.8581
4.261329
16.07383
4.29124
4.614723
8.888759
2.245801
6.932377
2.862083
4.319892
7.026019
1.820381
7.223601
12.97047
16.63774
36.53447
14.42087
11.29057
5.350094
5.179122
8.03303
8.312666
12.06208
1.882798
2.388716
6.398588
4.614093
3.342541
2.968639
12.21583
5.773947
10.55077
5.440744
7.909139
9.126572
29.45728
5.74426
8.330671
9.530705
5.660018
23.07023
3.152701
32.90154
6.442036
3.124802
4.271949
11.1805
4.520336
2.740441
7.653303
4.701897
7.871874
3.373516
3.339242
25.01134
1.865679
6.906096
4.779973
2.539497
4.783066
4.265397
4.176563
16.39208
2.298632
4.984507
6.610563
2.034878
6.065668
2.917791
8.782102
21.60023
2.27507
12.92521
2.721899
6.414401
3.6436
4.047795
4.840989
2.832417
10.93114
4.473382
5.531013
3.15944
4.166584
2.324847
14.05494
9.637564
4.308149
14.63263
13.05732
3.745849
9.344549
1.645909
6.343978
5.473687
8.959424
2.592657
5.606336
4.248641
3.250954
4.992824
5.528427
4.478764
17.69593
16.48113
11.39815
10.95356
5.252955
3.023565
9.135023
3.095668
4.022914
3.789987
9.63552
4.593057
8.722692
6.818551
1.796459
1.941977
6.772489
5.814865
2.223499
9.680464
21.34753
16.75862
4.627243
4.122327
1.843621
3.893444
3.106669
5.066536
3.901683
1.161977
5.613812
32.05874
5.16697
83.22435
4.076477
7.078267
10.85976
8.996413
7.312681
2.252435
6.71862
6.949253
11.26377
13.8172
7.760367
7.549367
18.37458
4.496448
3.637282
4.109565
7.816198
2.835515
3.983192
5.443663
3.676824
6.097256
22.79768
1.624529
7.1073
3.716896
15.1925
29.61364
15.53813
13.02693
4.646675
13.85187
6.532727
5.460784
4.883266
5.114832
3.490101
0.9745353
3.678892
14.62039
3.057458
6.029741
10.33819
24.61559
4.00981
5.107882
2.095934
7.392722
8.435668
7.166189
17.10931
8.828371
5.860739
3.955147
5.612034
5.106617
2.934166
1.589209
2.027055
37.23536
8.31206
12.26487
14.69247
12.54156
3.065355
4.40199
8.066964
4.190219
3.577717
13.85396
8.455841
11.21888
5.382311
5.550406
20.62809
5.483275
6.16365
3.22181
5.435303
4.743192
4.518584
8.77164
28.05825
4.949442
6.891582
10.30214
4.240199
3.405715
1.518207
3.645741
3.454716
2.266054
14.95472
2.017835
1.882323
20.50295
2.463856
4.865265
12.54404
4.278934
3.104639
3.86435
2.567853
14.28134
7.012213
1.74743
4.851731
8.08741
7.348398
2.502977
5.432218
9.905318
6.79667
3.540883
16.71368
22.64587
9.352836
1.635823
18.69695
8.627285
3.442655
2.699377
1.029269
4.232458
3.348865
14.31455
3.321123
5.24383
9.959677
3.894631
4.222463
9.68291
4.28279
4.982266
1.822273
8.517221
4.123515
5.090484
3.064287
22.43714
8.207305
5.231344
2.940841
5.171484
6.419301
6.416088
7.734274
4.179483
9.521368
14.23773
1.846896
1.857115
15.29278
4.820813
5.23771
15.53009
14.52398
19.7908
2.651353
21.82462
4.850366
5.168118
6.443181
1.937183
5.321538
2.780927
2.885168
2.836274
7.712608
5.906971
3.939946
8.485239
4.017759
4.060275
12.40995
14.05423
4.19679
4.485416
4.247975
4.774331
3.483347
4.102968
8.440767
3.611807
9.946843
2.011496
4.464565
3.841522
17.5686
1.855456
7.674517
3.61547
4.087898
5.507701
3.191511
4.892124
6.816157
7.065756
2.115762
2.772063
6.241912
3.978706
6.371289
6.029358
4.893086
2.062993
7.231466
9.945621
8.257497
2.692402
4.723739
4.022343
4.048945
5.24799
4.550214
4.626351
3.865307
6.182849
10.41987
14.74013
19.79506
2.350945
4.108507
7.705471
14.89644
15.69601
3.805428
15.37282
9.290123
8.710964
8.961282
5.750147
1.71058
20.8148
18.5136
3.380009
8.189256
2.841863
3.62187
4.870059
9.712952
26.63556
18.55224
2.808547
7.745545
7.073291
3.960105
7.640336
6.017148
3.779842
5.262428
5.122454
13.23918
10.8328
3.682406
9.512711
13.5286
3.185373
3.982432
4.358177
7.039447
6.906631
2.810442
8.029297
11.05676
2.534236
10.95022
2.854669
2.006028
3.987828
7.37968
5.061358
9.442945
2.858233
5.195799
5.383125
5.786615
2.535176
8.461466
9.433374
10.74511
6.778477
3.080158
6.761881
3.42477
8.880852
13.22141
8.218179
20.66733
42.17813
1.76747
14.43417
4.181507
3.733887
4.638089
5.868266
7.601306
4.745936
15.15679
5.678527
3.897159
6.029347
4.127775
8.683439
4.295916
13.79259
5.812248
4.243349
9.446132
4.793273
4.382532
4.086652
2.79188
16.85441
21.22773
12.29141
7.060662
17.35728
8.153568
3.769888
3.600633
7.91373
3.976054
10.67329
9.693847
3.084851
2.330286
5.952353
5.661496
13.01597
4.115146
1.651924
20.13447
10.51063
5.865404
3.105776
3.380829
10.54689
94.53187
3.079746
7.73159
1.959464
4.01499
1.708429
7.175063
6.572024
17.38452
6.88185
7.559201
3.809145
2.49497
9.495699
9.754033
21.09371
5.209218
6.649481
4.442682
8.931899
3.452031
2.927509
13.24473
3.769271
7.625352
13.30555
9.678821
7.057045
5.158504
10.53877
1.95875
2.611045
16.93842
4.152749
7.562488
4.227031
2.569721
7.198691
2.679793
3.817343
7.514488
12.86817
7.447291
3.589556
3.951449
9.121073
3.254534
5.555651
6.825824
6.541861
10.51272
1.928754
3.310082
4.461174
5.181742
6.883337
5.091879
7.347552
6.997267
3.641421
10.35602
9.323756
5.282502
4.81354
4.032466
1.986712
3.217798
9.569636
8.280451
8.14948
3.58785
5.24221
5.133733
12.67701
6.421604
11.14051
5.572042
2.134254
7.517891
5.444159
7.601424
3.143137
8.807108
17.06219
9.173937
12.36567
11.10283
2.937894
6.683346
12.17315
10.08858
10.21159
24.62703
7.964763
2.298685
4.244767
13.52624
4.786407
2.90985
5.19429
5.693988
3.118738
7.894717
9.05611
7.113175
33.40291
5.024083
5.213149
5.603076
4.288131
2.726529
4.91686
2.619939
5.91644
8.607464
4.356079
13.873
2.791813
7.357472
12.65127
12.04605
24.60388
3.124252
5.04728
8.016373
10.57959
4.542133
1.685876
12.14123
4.253628
7.654742
10.82557
9.356565
2.711032
1.723319
9.614755
5.784412
9.016354
2.671733
7.555275
9.244205
6.550423
14.16492
13.23919
3.580065
4.620058
4.274842
2.962536
3.276499
7.31613
6.202519
12.32008
6.560147
4.608384
7.288877
8.846528
8.895533
2.582879
4.037559
6.702037
7.491838
2.717208
5.58041
7.967841
3.715644
5.255906
5.548794
1.75157
7.857739
8.419863
10.56739
8.722718
59.50749
3.354438
2.083926
5.27448
4.621237
6.758998
2.608804
4.988047
2.524646
8.766703
8.813226
6.42637
4.67127
4.255497
24.94361
17.68742
2.690361
4.811582
5.259939
7.68699
12.91194
6.479684
11.54884
17.86307
5.285039
10.57619
7.81167
5.011564
11.70773
17.82503
5.035991
5.974162
16.74297
4.893209
3.983553
8.911744
3.34289
9.393403
15.12505
3.991481
4.889666
10.69589
13.68684
18.12914
1.972024
12.18469
4.178445
24.07321
9.875491
19.95482
3.176348
2.275982
2.859778
2.327908
7.757882
5.611689
7.515079
2.860479
5.450292
4.672168
11.80989
2.568596
2.302538
22.58182
16.31398
4.711468
6.721119
5.460312
1.866534
11.91773
5.984056
7.251607
7.456207
18.90729
3.35108
6.807278
4.317801
3.448673
9.604855
7.18344
3.966076
6.605834
4.718383
2.110211
8.266244
6.073546
4.231353
2.957438
4.7781
2.976916
2.815872
3.812532
4.501053
12.21998
4.475542
11.45544
3.212885
13.72479
3.736303
2.253997
3.924563
16.09016
1.833015
4.23612
4.186631
7.56345
5.665086
3.732155
5.15493
6.513222
4.142411
3.559046
3.216517
3.973926
5.274467
2.285007
6.616844
5.283886
13.8451
2.076535
7.630399
3.570052
14.62583
3.065419
6.522895
6.157765
11.19611
7.534949
15.21172
2.435786
3.479749
2.766412
9.22846
3.315718
6.972272
2.836948
4.506957
4.735871
7.448188
5.81931
3.761648
3.838268
12.17916
4.240338
4.055456
2.970493
2.088512
7.692337
2.834599
3.658372
4.169233
2.905925
4.057566
4.63897
12.62821
5.728121
15.20362
12.61765
8.963796
25.55384
17.78439
6.361996
9.276793
10.91765
8.068477
12.4476
6.356849
7.576996
6.255964
5.238835
7.66905
11.11749
9.245965
4.124363
3.076726
3.980746
3.256115
24.86133
5.875277
4.777432
8.635679
7.977831
12.57105
9.508739
3.264925
5.058959
2.316901
8.181535
8.643227
39.99503
14.08096
7.926726
11.27287
11.12505
4.501257
4.032618
6.998801
24.8007
10.49511
3.796115
14.63159
7.881425
2.584713
1.390718
6.800912
3.641115
2.89073
4.547336
6.080877
2.918375
32.81884
2.810981
7.593765
1.558114
8.469124
7.839564
6.948183
4.879629
10.87692
7.394228
3.04972
5.551938
7.832873
19.5144
3.179663
10.17082
20.86327
1.682862
8.082321
4.209683
3.385254
3.243535
8.221588
2.954553
6.481051
6.519877
8.533873
11.20863
4.383979
9.456493
8.3934
4.050821
17.3531
28.62684
10.61381
5.794389
5.491089
7.535489
20.18129
7.924407
2.011661
15.60623
7.440788
6.006964
6.92051
2.858966
4.009706
2.946854
6.983859
23.42328
14.01828
3.465011
2.69857
11.83266
27.24957
15.64876
9.646991
6.983272
3.312351
4.177046
4.232559
4.555174
12.30457
3.960801
22.1279
4.194357
15.94678
4.745556
3.723497
9.948015
9.308915
5.995178
1.658176
7.252597
9.237393
3.638181
3.168334
4.704253
10.47598
7.345828
6.010424
5.632557
5.029624
6.029739
3.121509
4.589779
3.449729
2.429293
14.54231
19.73944
18.19773
20.69135
3.519892
8.705802
6.858969
2.036754
10.84018
3.486037
2.879413
12.966
28.43295
4.405221
4.219534
4.131894
9.878004
6.198006
8.05356
2.61523
5.234649
15.7643
2.81656
3.341429
4.5761
7.459749
2.535213
5.358355
9.295092
6.73484
2.991598
15.63695
11.75057
7.535933
4.735925
4.272256
5.600462
4.412232
5.376851
10.62124
3.632245
7.376606
5.990055
2.634965
4.786681
5.447078
9.303111
5.885169
4.484884
7.438949
3.210015
14.14919
3.31995
8.553172
6.106949
3.864893
3.454491
22.32679
2.345317
11.06606
21.63314
26.89727
2.611704
4.601767
7.122543
5.031573
9.373837
2.783144
6.891638
4.291749
4.334334
5.238794
9.410004
3.069882
5.585122
11.14739
6.092007
12.20647
1.617926
2.948175
17.56059
4.00333
32.84202
6.337749
10.15098
2.681243
10.66519
10.95256
5.655299
2.415063
7.996986
9.90387
3.203903
1.8822
25.8648
2.751484
3.171842
30.73589
7.246188
6.738108
4.825653
1.736145
4.335786
5.122294
3.967817
7.231377
4.347296
2.090506
4.486518
7.292587
10.62933
4.041276
3.521874
6.852802
2.302652
4.140946
7.028492
26.57097
26.6587
15.34171
3.949284
7.648132
2.951983
13.15972
4.444829
6.532898
5.836637
3.058276
2.748491
6.988393
2.701462
5.645245
3.710814
2.069666
3.643047
17.2689
13.94823
4.710881
3.761109
2.327228
6.265259
5.12181
3.906464
5.706554
15.86602
15.34347
8.382789
4.304622
4.392389
4.2647
30.40743
3.772776
15.07147
1.40599
11.16177
8.012997
7.503574
13.62092
4.143956
8.847705
3.23439
5.886476
2.797586
4.418255
11.21038
21.90562
4.136201
8.62896
31.32662
2.564743
3.072416
4.67767
8.721539
2.149425
7.394039
7.418553
4.013797
5.52574
10.92842
3.201552
3.405506
3.056223
5.940886
14.05334
6.576438
7.459903
8.203201
4.857263
2.41298
23.31249
19.97345
14.66253
4.567641
2.200617
3.852252
4.867527
10.6685
7.8525
3.354462
11.5113
5.739873
2.926995
8.032271
20.43387
5.791683
7.254983
5.733443
11.2801
3.036916
4.302681
4.011896
8.356012
5.195867
3.829962
11.28575
3.990657
17.62555
5.303356
5.553381
6.692459
8.269983
3.602412
3.938852
5.055885
15.56727
18.26249
9.968093
9.928998
3.881157
7.108095
5.243116
4.641867
10.12617
5.18106
20.56077
5.53581
8.233575
10.65935
14.45744
8.379456
14.50199
9.204926
4.525931
5.838574
3.668592
15.68493
3.352843
7.374337
1.995344
11.71765
19.65739
9.288694
5.892112
2.089704
3.346304
4.010441
3.696457
2.291924
13.92133
5.777937
2.416238
23.73826
1.347267
4.603869
59.71766
5.418814
6.766765
3.580285
4.732843
3.315398
4.603893
3.700732
10.55473
8.90756
4.109848
3.243112
3.900675
24.94774
8.185312
7.17299
14.9864
12.87774
3.444118
6.117246
18.69505
10.03946
6.030414
4.289271
2.446629
5.984611
9.25723
2.49949
2.683463
2.415097
3.758866
4.842717
6.96645
25.68449
5.546172
7.180316
2.617744
4.737019
61.80055
5.078287
2.024629
4.423297
7.281757
8.560818
62.49081
3.037685
10.40082
9.709543
15.12434
7.629745
7.270138
3.072435
4.678447
21.19683
14.66177
1.846243
22.25284
4.239171
5.00103
1.732714
3.464358
3.260542
5.333539
8.342538
10.22888
4.009995
13.15359
7.630443
1.463122
4.617459
2.762124
3.723873
6.067146
2.389487
20.18462
5.906841
2.474144
5.905375
12.15846
9.586971
2.50589
7.347189
8.744825
21.3289
3.466493
4.69676
7.471803
1.695063
10.21177
16.64549
6.596998
5.019923
4.797614
3.007543
3.509809
3.977995
3.532115
3.755445
5.793623
4.933858
2.697272
5.245191
3.018358
5.100234
3.737526
10.49214
5.592051
2.997291
3.744697
4.249393
4.178598
6.21173
4.958618
4.321515
3.437731
2.947718
2.739702
10.36968
3.092808
4.338921
8.155181
6.644111
3.140789
6.604167
9.531732
6.897635
5.871948
1.672369
5.335154
2.911892
26.04855
5.821598
12.2889
4.652721
2.747898
12.23911
3.336727
5.552263
3.139469
4.225642
20.87248
3.625424
4.273585
5.673301
3.675924
3.635841
10.26772
10.52661
17.5735
28.83611
6.846699
5.515373
5.639076
7.365876
2.236665
23.91193
2.445575
4.654887
6.034475
4.038236
4.469015
2.923625
6.029495
6.250442
7.373896
8.850254
8.431309
5.508756
4.83666
4.82838
3.115632
10.31366
7.365551
12.60992
3.82366
13.99328
3.634747
8.79903
5.694574
8.266863
7.531804
14.13184
12.58567
4.396445
5.198349
3.076156
8.902587
5.943764
35.58201
4.495233
11.92966
26.29868
2.031408
10.28075
4.760561
5.750451
3.540655
8.069444
7.407459
4.445663
22.8723
11.08607
4.602457
8.790233
10.39113
8.35291
13.25645
5.149444
11.14827
3.931305
6.416998
12.35553
7.497913
3.328457
10.43808
2.612634
5.329339
84.23495
4.118558
16.80081
24.58569
2.08619
5.690385
6.177949
8.841036
1.50103
5.387361
7.282471
3.331213
5.963201
3.229877
12.50768
3.735166
15.57079
12.00758
3.117455
7.224009
8.951339
6.924619
7.050132
8.461494
10.20583
3.70084
6.237798
3.803261
2.725629
21.9736
12.76941
73.86535
7.772403
4.63229
5.092241
6.142085
3.90458
33.18862
2.959419
7.326975
26.18355
13.3852
8.212388
1.725438
2.634889
3.999625
2.680751
4.467012
7.876073
9.94031
4.535816
4.441348
23.55129
9.794556
4.058064
10.79931
8.116008
3.528591
10.53005
4.008285
9.86263
11.45324
6.993767
29.70687
4.489277
3.543108
5.609976
1.998809
6.731975
1.237084
4.639749
10.31035
6.519752
4.027216
6.169483
7.243635
3.643945
4.66173
6.562449
10.07612
5.563705
2.312553
15.89119
11.07554
8.328169
5.122752
33.39678
14.83101
7.250002
9.64358
3.397424
6.402124
4.094595
5.153111
5.949832
4.142293
6.919874
11.04842
4.280109
7.969072
4.396223
6.099822
4.428759
5.131917
4.094261
9.203828
11.96538
4.616009
13.11425
9.60105
28.2751
18.55634
1.383234
6.827851
7.308058
3.855958
12.95266
8.040628
2.908507
16.76848
12.47674
5.897673
4.738427
6.707188
3.002154
30.35482
15.77946
10.5396
8.51041
7.275795
14.02478
6.011853
1.751324
4.021175
11.07593
96.80438
5.054574
16.32881
10.97681
8.041118
6.236196
2.509205
6.358303
3.741335
7.564578
4.709877
3.609437
10.32626
6.762288
8.576107
2.280584
11.55915
10.08305
6.073056
13.67913
3.858643
4.764676
21.46809
4.409116
2.445166
3.241563
12.03828
1.955795
6.310558
6.59363
5.868918
7.819562
7.513529
2.573721
8.951306
3.017358
8.785588
7.732041
5.348941
1.844091
10.78559
6.861757
3.315715
13.732
6.19436
4.18023
2.243231
6.05445
8.584912
8.379686
2.749845
12.24572
4.337594
12.03477
4.62088
6.643349
13.85013
8.324271
2.052837
7.575654
4.816796
2.868016
1.90202
6.702506
6.448517
4.270089
10.92445
20.36444
4.436075
5.179902
27.54667
11.70793
4.768284
6.30356
10.10531
5.098095
10.31371
4.203761
16.00146
2.713064
5.252359
5.844299
3.204917
3.910295
4.076329
6.780393
17.81653
3.896406
10.40464
4.124549
2.898025
12.11524
12.92758
16.12603
7.820798
3.199271
86.40241
3.678262
8.355304
17.64834
10.24891
3.908346
22.49669
2.835597
3.529667
3.828684
10.81529
5.821738
4.563806
2.797751
9.805453
5.487174
8.521792
4.629373
2.358136
11.0448
3.268475
7.517216
2.672748
7.283063
41.13308
8.606178
4.923604
8.050593
6.820517
2.448959
6.614303
6.450847
22.81147
4.566702
6.824106
6.324805
17.57629
4.841987
31.90397
5.953699
4.428475
1.990638
2.175078
4.374055
4.960826
7.562135
32.00275
6.375343
11.51785
