29.67776
31.77125
31.07791
34.29053
35.07464
35.91258
35.28416
36.05222
35.80183
36.87066
37.6977
38.2941
37.86073
38.25288
40.38325
41.11817
40.79975
39.99431
39.23069
42.27622
45.27606
42.32289
43.70557
44.66938
44.36153
43.48056
44.70274
42.89301
44.45534
43.64237
44.79825
42.72119
43.15735
44.00344
43.73078
44.35832
42.31986
43.03655
41.3703
44.1618
44.3255
44.26059
42.51165
43.03518
44.92886
44.95677
45.3284
45.51324
46.6524
46.88837
44.36252
44.91549
45.03297
44.73954
44.95861
43.12398
41.21568
39.52032
39.04793
37.73077
36.5003
35.95512
36.36024
36.23448
38.71848
39.85187
41.35363
40.70759
41.29195
40.32917
38.98361
37.22125
34.97304
33.80076
33.91658
35.80879
32.76188
32.03541
33.19579
31.31517
32.63835
32.34198
34.44126
33.67383
35.86169
34.89898
36.40604
36.01874
36.39831
36.0234
36.03185
32.5774
30.74674
32.04339
31.49479
31.0805
31.03114
31.15405
29.25302
27.28003
27.10733
27.81361
29.59046
30.52319
27.51263
26.94036
26.82998
28.61029
28.58352
27.57875
27.30684
27.84676
26.3041
26.37742
27.10464
27.36501
27.03751
28.07935
26.67949
27.81483
28.26306
29.68786
30.98594
28.64579
28.05605
27.35826
29.06747
29.70132
28.9716
29.72431
28.2286
25.80438
24.71752
26.32583
23.44
22.36874
23.20809
24.22878
23.2713
21.10625
22.50024
22.99184
24.80811
24.51332
24.05886
22.42137
23.20642
22.83927
20.49141
19.55239
20.0977
22.23619
21.14609
19.90102
19.61451
20.50319
22.26244
23.54375
22.75184
22.90077
24.04261
22.40503
23.53828
24.6357
23.84257
26.34126
26.76686
29.54792
29.27614
31.8438
29.89835
30.69975
29.92459
30.88788
31.44168
32.64108
33.36355
35.49109
35.14419
35.48521
37.71861
35.25343
34.17341
34.75629
32.58361
33.54244
35.16883
35.60184
33.76685
35.65761
35.0629
35.63979
34.04483
36.34526
36.78147
36.92056
36.86015
37.36199
35.84739
34.8834
35.63848
34.28811
34.55439
32.86363
32.0534
31.80078
33.38992
34.04325
34.83863
36.01665
34.81431
36.04556
34.29117
34.90246
36.57551
37.63402
38.51862
37.38047
41.01362
41.27077
39.97342
39.72877
38.75802
38.20936
40.66925
41.83517
43.35058
41.14304
41.24637
40.78399
41.04956
43.00185
42.32909
42.06209
42.22164
43.04262
43.80902
45.86694
44.42009
42.82232
41.10316
43.77532
44.2079
46.56008
48.76235
42.93472
43.4833
41.62849
41.15304
41.01196
39.65529
39.07923
38.344
38.88141
38.25586
37.68988
39.88303
40.49273
39.06107
42.07465
42.89274
46.65001
43.5376
44.31935
45.262
45.45948
49.26091
49.04369
49.7562
50.53516
51.02256
51.76148
54.53773
54.29216
53.1884
52.8126
51.3042
51.92129
53.05535
53.86561
52.72423
53.20337
53.75072
55.77603
55.15086
54.08007
53.14242
51.47875
50.31784
49.14017
48.87891
50.15271
48.48419
48.87926
48.95887
47.39447
46.17627
45.96739
47.45226
47.03944
47.33658
47.87326
44.28862
42.21318
40.85286
40.69217
41.4209
41.69116
41.13596
42.24427
43.31957
43.83653
41.27542
42.14336
41.83279
41.97537
41.48642
45.30741
46.18905
48.37047
46.82024
48.10549
46.25482
46.29806
47.11045
48.30794
47.55814
45.50629
45.58883
44.79327
43.98171
43.19811
43.2884
41.87447
42.47432
41.15757
41.42103
42.20663
41.06071
39.49027
40.41488
41.13367
39.7491
40.37762
43.84036
43.82305
45.35703
45.78223
45.0933
45.16522
45.19053
44.31675
43.37245
42.89383
41.63567
42.02223
42.93827
43.39071
44.07161
43.58926
45.11714
45.40536
44.37798
45.08114
44.78352
44.86542
45.15125
46.47261
47.06552
46.53312
44.65956
46.43429
44.39004
43.59733
45.34212
43.1743
42.39671
42.14505
42.65013
43.46942
42.99328
43.83768
44.16474
44.65283
44.4289
43.21479
42.8006
42.01149
43.44057
42.34767
43.08977
43.28523
43.54268
42.55305
41.46482
42.93553
43.77131
42.02747
42.22598
40.9581
41.61546
41.63898
40.26141
38.64416
37.33875
37.30534
36.99208
37.29384
35.18444
37.20846
35.9305
35.66799
36.54085
36.30277
36.59711
35.71163
33.65614
35.20391
35.74615
34.95292
34.13062
33.16966
32.89575
32.75283
34.21724
34.39411
32.70471
31.57414
31.47553
32.97503
34.07877
34.32851
33.97706
32.1314
31.76709
30.51162
30.8699
30.80944
33.87429
31.52656
30.86252
32.02648
31.83497
31.84416
35.015
36.45373
36.6792
34.95308
33.80279
32.01085
32.46271
33.27298
34.62627
33.92127
35.81523
34.81401
34.39515
37.8175
36.37427
36.48525
36.60574
37.38952
38.51851
37.92017
38.89964
38.67888
40.22452
39.37376
40.07688
39.29937
39.4309
39.14336
40.2121
41.52434
41.24924
40.14511
40.35809
39.98886
39.49485
39.72884
39.46772
42.27144
43.37535
41.87167
40.99967
42.57299
39.62983
37.89903
39.0567
38.92519
36.30817
34.58914
36.16816
35.83787
35.67002
36.20788
35.23877
31.69869
31.61141
30.08569
30.46807
30.72936
30.6944
31.13047
31.96164
30.08181
27.58296
28.56252
28.34827
28.73218
27.77372
27.37562
28.11656
29.73645
27.26877
27.94178
26.25225
25.79631
26.53641
25.42457
24.44693
24.9436
25.93804
24.86924
24.09371
23.55412
24.54895
23.85067
23.73458
21.38543
21.82901
19.54417
18.93927
20.20245
20.11749
20.89128
18.61817
18.37412
20.71376
23.39115
22.93995
23.59154
24.70333
25.03616
25.52851
26.41582
27.45051
27.88293
26.891
26.89279
26.41142
26.43647
26.8562
28.04045
27.18558
26.13366
27.48082
28.02886
28.31385
28.97201
28.85537
30.10044
29.76591
30.20814
30.11648
29.71976
29.32901
26.27698
25.67211
24.35825
23.53997
24.5744
22.00222
21.1532
20.44777
20.33543
17.72417
17.68446
17.87066
19.49005
18.00498
18.21406
19.20511
21.85895
21.40354
22.0211
23.93658
23.08791
23.56375
23.7267
23.64667
21.67467
23.86551
22.78861
24.67417
22.3842
20.69857
20.27468
16.66923
15.70322
15.41165
18.79152
20.74938
20.23058
20.57994
21.48804
19.95272
19.83375
19.29296
21.77167
20.07197
23.57101
21.06562
22.34173
22.46761
23.79889
25.5199
25.9829
27.29986
26.79236
29.36191
28.95187
27.42823
28.58833
29.10882
30.24325
31.29525
32.15973
33.65393
32.30285
34.27185
32.89723
32.85008
33.53997
33.43868
33.15878
34.3504
33.28207
34.53677
33.21125
34.47324
33.20761
32.94039
33.07911
33.78945
32.21511
33.60652
33.62119
32.28962
33.62507
33.67663
33.57093
29.24728
29.13577
30.19369
32.13635
32.71481
34.00233
31.79482
30.56246
30.40599
32.32561
31.33844
31.4029
30.64632
29.88481
29.3642
28.36934
27.40957
27.5019
27.41364
25.10573
23.61758
24.08059
24.04633
24.38553
25.28382
24.18432
23.9688
22.56698
23.53241
24.81883
25.20613
26.63723
26.83118
25.58774
24.35873
24.84297
26.72346
25.81677
25.41273
25.99626
27.92025
27.15913
25.85286
24.71516
23.84401
24.00222
22.63588
23.45864
22.48292
21.0968
22.54658
23.2422
22.03973
21.73692
21.32902
20.34103
21.85745
22.54574
24.80384
24.54688
24.88966
23.48919
22.9438
25.45504
24.65291
24.124
23.7772
23.09791
24.18147
24.4946
23.25554
24.53875
25.87638
24.54464
23.73926
23.73855
20.1691
18.94162
20.64295
21.5631
22.57777
24.2124
23.87098
24.49128
23.48312
23.0177
21.98114
21.12114
21.34032
21.33412
21.3718
23.12512
23.50104
22.82002
18.79293
20.9287
19.73208
18.31576
16.77332
14.10094
12.5894
12.24421
11.20621
10.8543
11.97318
9.915674
10.4065
10.86334
10.16795
10.17789
9.612134
8.458763
6.313584
2.572303
4.245818
2.306209
1.294766
1.983634
1.898567
3.074142
2.523032
0.6773293
-1.438546
-1.524822
-2.655166
0.5706424
1.487937
2.084943
3.146612
4.452402
2.715788
1.928907
1.248585
3.064184
2.226361
1.860528
-0.2423938
-1.272402
-0.6466406
-0.5726473
-0.8497538
3.319109
4.882758
5.403463
6.313921
6.517113
7.892363
8.46903
9.197624
5.205659
2.216982
1.973045
1.941903
1.843176
2.259703
3.506598
3.584764
2.334431
4.128083
2.769
2.580818
3.353715
3.773369
1.990479
1.702651
2.174939
1.823484
-0.3614638
-1.096651
0.9570385
0.1510647
1.36544
1.134969
1.225171
1.14252
1.257981
1.154651
-0.7670529
-0.1613801
-1.4377
-0.7901787
-1.931982
-2.860426
-2.838559
-3.051262
-3.947693
-2.997502
-3.511785
-4.145797
-3.617589
-2.429221
-1.401108
-2.993435
-3.149511
-0.3499151
-2.751726
-1.168503
-2.439254
-2.069943
-2.735867
-3.565695
-4.712729
-2.54699
-0.6577351
0.4598443
-0.09232082
1.70775
4.823528
3.044268
5.71909
6.976048
6.883614
7.377878
5.550047
7.227349
7.98406
6.284567
6.127342
5.292442
5.941596
7.315881
7.734908
7.246249
7.598481
6.582922
6.126151
7.234878
6.962896
7.659538
7.554112
8.255999
9.511186
9.40058
12.49263
14.48199
12.75636
11.7479
11.63031
11.70823
11.91775
13.38749
14.29919
14.00359
14.0506
15.33872
15.82264
13.14499
13.14769
12.54965
11.09517
13.44635
14.44482
17.49856
19.42157
18.87171
20.28429
17.45264
16.2615
14.47383
15.99962
17.15099
14.90016
15.2391
14.01056
11.85627
13.25813
14.31202
13.31163
12.43569
11.61222
10.76352
10.19887
8.729076
7.737026
7.005995
6.016702
7.796298
6.633095
4.909423
3.196953
4.553432
6.288889
5.828879
3.762178
2.20485
1.019357
1.387093
2.864749
6.07952
6.199756
6.341788
3.662316
5.185312
4.692522
5.978523
4.35367
1.532988
3.073006
3.785849
4.585883
4.320639
1.806453
3.903572
2.733447
1.647383
0.05448344
-0.3404302
0.3201321
-1.622515
-1.045257
-0.8182844
0.3981833
0.305408
1.271
2.027917
4.393332
5.732587
5.364425
4.804067
5.988197
8.162412
7.788123
9.268312
7.69873
9.536325
8.939819
9.034519
9.764673
8.720438
7.425288
4.585735
7.129913
5.895575
4.641042
4.684631
4.411291
5.497536
6.122678
6.112599
6.967236
9.109239
7.948915
8.67345
10.26964
10.5103
11.96368
11.97013
12.05651
11.22799
11.50004
12.39311
13.0991
11.61374
12.71185
13.02519
13.78115
15.55462
13.58393
14.79027
14.96108
14.57976
13.4487
15.74879
16.12163
15.52851
17.28066
18.32271
19.47039
20.51947
17.91505
18.50876
18.11871
17.37468
18.22341
19.72568
18.55674
18.28645
19.2894
19.74005
20.88375
22.49105
22.3099
20.72923
19.51298
19.07464
18.51193
17.9104
17.33897
17.53686
20.7655
20.35041
18.63489
18.79124
20.91117
19.87667
18.99283
18.37886
21.43126
21.98829
23.39486
22.49376
21.05069
21.03543
21.32077
22.43435
21.60684
20.43537
18.26877
16.74546
15.12513
11.97082
11.22357
12.75586
12.16359
12.47263
9.913666
10.16021
9.830871
10.45437
12.76944
12.22026
10.85395
10.59913
9.472493
9.216803
9.949503
13.01582
12.33196
11.47481
11.00458
7.823224
8.67848
8.586883
8.234512
9.072168
10.3985
10.43912
9.630185
11.51169
12.15625
12.2643
11.99548
12.54816
12.75964
13.49157
13.21166
13.86809
15.51428
15.32824
16.51466
17.79366
19.1254
20.29863
19.49191
19.83685
17.89931
17.34656
15.57624
13.80113
14.63338
17.82737
16.65598
15.28235
14.26258
15.82076
16.24811
16.41667
15.13612
15.31668
14.42821
16.45838
16.39017
15.15282
18.0484
20.07219
19.15123
19.5945
20.00684
17.22981
18.45122
18.44928
20.22942
20.35811
24.13092
25.48398
25.27013
24.81724
27.2336
27.05315
27.79085
28.87536
28.47996
27.6528
26.16652
28.4583
30.30291
31.31532
33.02815
32.10168
32.92144
33.45055
34.45679
34.45276
36.08144
34.72413
33.8517
33.82951
36.82525
38.29068
37.78519
36.32168
36.53745
35.18448
36.02843
34.48425
38.49244
40.1167
40.8127
40.0425
38.61354
40.24081
38.49353
37.24006
35.24809
35.51598
36.37812
37.22881
38.10769
35.38024
35.45381
35.11981
31.64163
31.8006
30.19058
29.45891
31.15257
30.88994
29.88359
27.40859
26.04767
27.66849
27.40692
26.94605
26.21859
27.13247
28.20548
29.07678
30.82964
28.73573
30.12533
29.87465
31.48451
31.03824
32.23572
34.37805
33.82397
35.60389
37.38381
37.60646
35.38244
36.28362
38.14415
39.42488
39.09418
40.82791
37.71518
37.83942
38.02601
39.61054
37.8075
39.00731
39.06963
37.91127
36.88424
37.2017
38.37688
34.69268
34.48027
34.39987
36.8211
37.35782
36.18022
38.24877
38.07889
38.15326
36.28021
36.6128
35.5999
35.94134
34.06263
33.83127
32.93034
30.03341
29.55486
29.82919
28.76132
30.0911
30.13679
30.1351
29.1182
28.46557
26.62785
23.66235
22.23914
22.54161
22.41675
21.38092
19.80455
22.25904
19.85009
19.58456
20.00022
21.23454
22.56419
22.52662
22.53342
24.68182
23.54341
25.14878
23.25561
24.99531
24.52413
23.34519
23.29095
22.05592
21.90265
22.59542
24.02901
22.7858
21.87665
21.47776
23.48995
22.64096
23.11878
25.13038
24.67575
23.09692
23.41886
24.1804
23.32721
24.54804
23.86882
24.61381
24.31715
24.29645
22.41071
23.28725
24.19532
25.7981
26.82903
25.09551
26.16394
26.57574
26.23112
23.98881
22.76708
23.08948
23.48083
24.57553
27.73615
28.50803
28.02276
29.40597
30.90671
30.64687
29.4085
29.81389
30.35214
32.38168
30.9413
30.74925
31.21959
32.33854
31.91291
33.91025
35.76096
37.11808
36.01441
37.15388
38.19032
35.57093
35.87218
34.29094
32.83354
34.26128
33.07201
32.40731
32.51662
33.59618
33.46164
35.28268
35.82312
34.06008
33.92494
31.56281
30.45389
28.69876
28.35697
28.39736
27.8123
26.33043
25.19381
26.52145
26.34543
27.50492
29.09739
29.34615
29.32851
30.31644
31.24252
33.90589
33.67996
32.12631
31.57454
31.66245
28.55668
30.102
31.12266
31.72416
30.0877
29.96824
28.06746
28.79468
27.16209
26.44446
29.69955
29.03062
27.3667
28.279
29.55574
31.50809
34.07268
33.13523
35.29709
35.92545
36.76231
33.52688
34.59197
33.99828
30.04627
28.36518
28.70848
28.37649
31.08331
30.70397
28.8071
30.26048
27.72185
28.89822
27.77652
28.76201
28.94485
27.16943
29.213
31.05824
30.06091
28.37494
30.31753
27.96654
27.15056
31.39916
31.44573
30.65189
31.0873
32.78415
32.60037
31.57268
32.19824
34.44924
32.80348
33.3777
34.92741
36.47488
36.50908
34.47189
34.82776
34.93794
32.2557
34.39575
33.04604
34.77822
36.0959
35.65953
37.35397
37.85896
37.75864
36.70485
36.68453
37.31194
36.45905
37.68442
37.86
38.88332
39.65572
39.45792
39.88984
37.89627
38.51117
38.19334
37.19766
38.80064
37.98483
38.89197
39.83035
39.63614
38.64405
40.63739
40.60582
37.68992
37.92142
38.91496
39.24193
38.56656
39.86699
39.89122
39.03676
39.22908
37.07312
37.59437
37.48218
36.2319
35.40824
32.74438
32.2485
31.54592
32.92336
30.40777
30.65369
29.62062
30.41981
28.23792
27.92717
27.27378
28.28478
26.97636
26.00641
25.40064
26.75552
27.58495
25.66762
27.39945
28.7272
27.80127
27.23197
27.51298
27.89322
28.14198
27.29457
24.73445
25.83724
26.1253
26.88113
26.933
27.20902
29.43271
29.82297
29.28342
29.16398
31.56877
30.01194
28.9715
28.19809
28.62265
29.28064
29.05149
27.55982
25.36106
24.48432
23.37565
22.46954
21.74519
21.37775
21.901
23.41203
23.0545
21.96798
22.18516
22.10155
21.69977
23.34994
25.75433
24.30556
25.4859
26.02353
27.25194
28.61296
26.758
26.3676
26.61457
26.168
27.35808
27.57843
26.87374
27.6479
27.10845
27.20035
26.84808
26.42391
27.12867
28.95104
29.66241
31.55398
31.97358
31.94808
34.77826
35.65124
37.94178
37.31373
36.17957
38.03945
40.00534
38.54945
40.74541
41.92863
42.83977
42.24766
43.42886
42.21766
44.16871
42.07575
41.3608
42.56522
40.13626
41.08507
40.48587
38.71119
38.59848
38.20075
38.2458
38.72887
36.63592
35.97487
33.53676
32.74788
33.83473
32.32135
32.14838
33.23831
31.10508
32.46348
30.05773
30.13661
30.8205
28.23483
27.92534
27.02766
28.00216
31.40973
31.4953
31.55981
30.87645
30.978
30.23125
28.39194
27.23911
26.09754
24.70514
23.96133
22.288
22.5182
22.30065
22.94405
22.41083
22.87671
24.45904
24.55603
23.89379
24.76714
26.45428
25.04824
23.87327
23.17051
22.22548
19.50672
16.14636
15.58663
16.79125
18.22481
17.70677
18.61348
18.99653
19.1416
20.63564
21.36304
22.32491
21.6333
21.24229
20.55464
22.15509
20.63425
19.97974
19.99153
19.39817
19.79046
18.53964
18.0768
19.93411
21.24871
19.77679
17.90096
16.57565
17.50768
20.47873
19.6054
18.20069
20.35947
22.66617
22.65361
25.1936
25.77585
26.54971
27.09834
26.38066
25.89206
27.64631
24.15298
24.98646
26.0596
26.57176
24.9085
25.51154
26.63751
27.06434
28.55162
29.0633
28.45804
29.17501
26.35984
25.16993
22.50648
22.45698
22.86174
24.79009
23.88167
23.74542
24.97027
25.60567
25.65919
26.00257
24.60784
22.38382
23.88932
22.507
23.28688
23.09182
22.25525
23.25226
22.53542
20.78996
19.63596
21.62542
23.57039
21.08663
24.19973
23.53069
22.86394
21.45468
21.33678
20.84337
19.17646
18.40046
17.92308
17.88689
17.47239
18.14092
18.5526
18.97996
18.96173
18.50446
22.41741
21.95535
21.66489
22.97833
24.44231
23.24091
22.9864
24.00912
25.5384
27.05239
25.76785
25.8274
24.07323
23.11073
22.88118
20.74826
20.82995
19.85112
19.9808
20.97929
21.22399
22.41189
20.3476
19.61329
20.97332
22.39199
22.03931
21.47432
22.22144
20.85146
19.41083
20.95889
22.22862
23.37347
22.48655
22.02082
20.54779
22.15539
22.07581
21.50449
24.50816
26.35017
26.35195
25.57857
24.48612
26.17784
26.17268
27.2802
27.002
26.60427
27.28736
29.00117
30.14079
32.09797
32.29087
33.48679
34.09723
33.47397
33.69899
34.51386
34.43571
36.30935
37.02744
38.79909
37.23835
36.38329
34.31649
35.74182
35.42337
36.5232
38.07279
38.15407
37.39763
39.96818
40.21469
40.73992
40.69149
39.84134
41.33163
41.34352
37.54519
35.72022
38.2268
38.41718
37.98824
37.16854
34.06608
37.87066
37.62186
36.56522
37.58673
38.09302
37.66186
36.37433
34.73966
36.29907
37.06473
38.1262
38.73178
36.64825
38.84219
37.76903
38.75932
37.70294
36.62599
36.20131
37.59784
37.40616
37.83788
36.72335
37.23847
35.40142
34.0937
33.39026
32.15467
32.48102
30.20758
30.18084
27.8341
26.9486
26.05825
25.69742
25.26156
27.63024
28.16477
30.48881
31.52336
29.07316
31.46974
30.83402
30.4729
30.42158
31.76421
32.563
31.64525
33.15
31.53326
30.64629
30.26047
29.69101
30.35663
29.0639
28.51534
30.04273
29.20296
29.99281
31.09133
31.70652
33.48235
34.14611
33.6305
34.30216
35.94681
35.87826
35.79805
35.89064
37.35709
34.46755
32.86674
32.45967
32.43264
31.02064
29.63031
33.18567
34.85478
35.19207
33.38094
33.57331
33.84283
34.03639
33.91776
32.90055
32.32133
33.5154
33.98168
36.15405
32.73707
31.05508
31.38326
29.66867
30.13328
32.66699
33.51132
32.40729
33.01443
32.05094
34.4805
35.36224
35.50841
35.77877
35.42886
34.3608
35.72353
35.46975
36.39376
37.13043
37.24738
35.65688
36.35024
37.4555
36.98675
36.828
38.14822
37.31658
35.57199
35.86277
36.00097
34.60207
33.63298
32.24363
33.62977
35.56705
36.5609
37.24996
36.40501
36.89193
36.18115
35.26297
37.37302
36.40704
36.09783
37.7204
40.23462
40.6037
41.26285
42.31159
40.1583
39.78254
38.29781
37.33683
35.68657
34.80066
37.17123
36.54646
35.17725
35.16404
36.29931
37.23343
37.78597
37.1408
37.0123
37.28329
37.98751
38.90744
38.674
38.62868
40.39831
41.29456
41.55009
42.48425
42.3553
40.71674
42.34009
40.31769
38.59827
38.20701
37.91135
39.01601
38.27672
38.65486
38.19074
37.99508
37.44094
37.77672
38.05964
37.31335
40.65755
40.65698
41.2867
41.98436
45.32706
45.84339
47.06514
45.51529
45.5619
44.50116
43.40439
45.21795
44.64357
