578.8977
497.729
471.5518
407.3131
370.8823
319.2472
366.2848
336.9771
327.895
360.725
352.1588
362.9412
333.6927
336.2496
362.2184
342.4311
339.8411
373.9912
333.4899
331.6288
370.159
341.5151
370.446
376.444
340.4343
334.2449
350.3835
360.1292
334.5413
347.4073
330.2758
343.1009
375.1709
334.4248
347.4156
332.0873
346.0201
353.7605
348.286
319.034
358.5341
352.5925
358.7916
328.5127
345.0902
342.7393
334.3457
350.5819
340.2436
345.4767
321.3208
341.5353
339.2276
371.1698
354.9225
324.1899
327.2908
343.7956
319.3608
314.0898
336.8693
354.9225
312.5059
355.9336
368.3604
316.2968
346.0269
331.6861
340.5132
317.1583
335.6468
325.3624
315.7775
346.9871
341.6414
348.783
337.3296
335.4051
351.4092
346.9432
342.3444
325.8474
331.4233
341.4369
330.7542
330.8057
327.5164
322.2912
297.7523
344.0679
344.5672
323.4369
335.9041
337.7188
360.1553
323.4954
334.7581
338.2401
343.2442
311.6923
353.8424
356.6915
357.9391
322.3509
347.3849
331.748
348.1763
365.6257
348.7971
359.6232
331.444
338.4149
323.8199
363.6764
350.8771
352.0917
320.5763
329.1555
311.4731
323.5109
367.7991
330.9842
367.1058
361.3384
377.7065
339.9518
337.9297
336.3451
346.5122
327.4973
303.5136
342.4425
337.8029
335.9237
330.7129
354.173
340.2962
377.1877
342.0407
347.0786
371.6159
376.3055
327.3039
329.5121
336.4525
325.3203
350.4106
356.6714
330.2456
345.9585
339.3586
345.8295
366.6159
382.1043
354.7028
344.7189
380.6408
340.1848
345.1327
353.2283
329.3562
350.7079
329.7976
329.9414
345.1161
345.1095
323.5374
336.564
318.2615
341.5039
313.0717
332.7482
331.0633
323.8489
330.7389
344.8616
321.5844
358.3469
319.4648
339.0543
330.76
315.8529
307.6735
336.9262
345.4262
326.8496
339.6322
344.7746
341.6522
354.094
368.315
339.3066
345.947
343.1477
353.4851
357.0422
356.0964
361.4502
331.1019
335.7775
303.4795
327.671
354.5986
346.3679
338.1386
323.4209
375.295
358.3871
325.2344
368.0397
361.7862
367.5633
326.4084
367.7157
351.3148
378.1144
363.2547
386.9791
313.9211
351.3782
344.8647
335.7094
322.71
359.679
314.1086
331.649
357.6537
333.9381
341.8677
344.8454
352.9332
349.8764
375.6198
328.664
330.9877
352.2684
381.8437
349.4745
345.2284
331.306
354.9058
344.3745
357.073
346.5205
306.8064
332.9088
326.7916
325.4225
381.772
349.6354
339.8296
363.6324
357.0956
374.3421
340.388
310.4732
350.0114
338.4865
350.9831
343.0996
319.9897
314.1938
318.6906
333.154
346.3911
347.3882
318.0954
328.1067
321.8999
340.6111
346.6231
354.8371
309.9454
298.3901
321.7126
328.548
325.3439
346.0775
351.7305
363.8657
346.5338
336.9351
361.6972
353.2053
344.2543
348.4627
342.3889
326.5021
339.48
319.9861
327.3591
335.7534
333.0833
355.8098
345.1027
304.5454
327.1946
369.9917
348.5578
328.0592
356.1637
336.4523
314.7346
352.393
351.941
335.5572
368.034
379.5326
316.2315
367.6478
337.3198
343.9682
332.825
364.1916
350.3079
321.7786
346.8767
359.1798
319.4893
321.1572
352.2977
385.0014
321.2241
371.3727
316.2603
347.2533
340.2762
306.2997
336.9334
327.1224
349.018
347.4287
379.8859
329.2316
333.9655
324.0053
335.586
356.7069
335.7353
325.8991
337.2893
388.7409
354.1895
352.5324
329.1351
370.4036
337.0573
362.1627
373.3923
359.3729
311.9802
366.5166
339.8117
352.8693
321.2745
366.8494
357.321
372.1316
319.4255
337.1529
342.8122
358.1654
358.5521
365.8785
341.2525
343.4499
326.2187
335.1386
327.6104
353.1521
339.1218
348.0922
364.1399
358.279
320.4988
324.7473
323.267
331.2592
363.6262
316.0784
334.6599
335.8282
340.7488
343.8218
361.5064
325.5508
351.1696
310.3581
341.0964
343.544
344.5263
350.6295
337.065
340.4549
341.5573
330.8194
340.9845
365.2117
373.3736
338.8348
341.1029
337.05
331.7134
332.1818
341.4083
332.175
320.575
305.9876
350.2407
346.4273
363.022
325.5517
326.0802
343.4177
356.2766
311.141
329.391
333.4072
352.5126
334.4996
355.0697
329.4873
350.5724
328.6651
328.0006
325.973
321.7214
338.8673
357.7776
321.003
331.3159
355.4997
328.4603
338.9391
342.467
350.3454
332.5744
360.1998
351.5631
332.0231
329.0921
340.6415
342.7694
339.9839
346.7213
293.3079
347.451
342.1813
331.3054
345.3022
352.5161
354.2633
359.9744
328.4322
358.9594
352.6412
356.5846
322.4674
335.8668
355.5855
344.6894
331.2436
334.8048
350.3046
321.4055
339.4612
361.4544
380.3483
344.1056
311.8378
328.201
342.9853
327.0226
331.7843
309.9552
314.3434
325.4513
329.9427
362.1446
342.7816
350.3024
340.1844
366.8814
357.9357
356.9801
350.6144
351.9277
342.1964
335.725
321.9687
322.6304
310.4762
358.5651
321.966
326.0962
319.6011
327.7062
346.5113
316.4475
364.0451
337.8539
352.8111
348.0182
357.2881
388.7315
349.8825
353.8901
321.0392
349.9475
340.2446
345.7017
334.0178
353.6765
339.1149
369.7699
337.0032
325.7496
324.4777
347.7003
373.4225
364.0213
352.3933
382.9942
400.0529
383.5783
341.0128
355.327
315.4049
315.7144
335.0469
390.0879
365.1985
360.6414
328.2507
334.7095
325.6519
330.0977
337.9679
329.2953
345.9348
339.7123
349.2521
344.434
342.9094
337.1762
347.4869
349.662
336.5644
368.3969
343.3505
335.3412
355.3896
328.9332
345.1384
346.3634
373.3683
381.2967
339.6441
373.699
344.7992
355.8563
335.8371
322.3563
352.3404
343.1352
340.0858
365.4179
331.0438
345.7435
342.2128
355.0737
349.9518
337.5586
318.9492
343.9313
349.3294
333.5746
356.4388
352.9591
334.0107
358.2753
345.7236
321.7517
319.275
348.9086
360.3357
314.3776
325.92
325.2749
319.8384
324.7645
351.7715
347.1313
323.108
352.5282
333.6494
362.7438
332.7296
344.9677
340.9533
334.0152
330.5632
355.0548
340.1814
334.2804
323.806
338.5429
330.6834
347.4666
324.276
338.7281
347.5707
383.3774
345.3965
328.83
361.6601
350.7494
325.9593
333.0215
364.3388
337.0364
338.8882
369.5295
390.7291
348.4213
322.1948
314.6208
349.1748
331.5762
334.6218
359.093
378.4942
323.4882
340.6823
329.342
362.2849
319.7385
334.5604
340.5251
340.5502
321.0101
307.9988
322.1474
327.2128
330.2539
332.3714
360.7192
351.1353
338.8394
339.992
361.3326
319.8053
358.5834
326.0226
364.8707
350.5084
335.9771
306.6437
322.2571
343.6922
329.1805
337.4874
338.1024
348.457
329.4662
356.9066
338.1605
341.4074
359.9511
339.2018
376.7789
353.6122
358.9196
346.4879
379.1414
340.9155
328.899
340.2953
333.2871
328.5803
322.9836
353.8372
342.0347
347.9749
317.2131
347.62
343.5919
358.5232
348.1075
328.7478
314.1932
321.2813
347.324
355.9743
379.1416
352.5039
325.5375
333.3267
359.3373
323.7251
360.7278
338.6102
355.1595
349.8585
327.1312
360.1496
374.7373
319.5125
339.7574
335.6527
376.3325
352.6141
335.1007
353.629
318.3953
334.6484
336.4772
306.8299
331.7053
336.2264
333.707
346.7337
363.8443
370.0354
342.6899
328.4713
330.7421
362.5179
333.1147
343.8174
339.5219
323.0835
323.0383
328.3562
356.8086
353.2428
364.7785
345.9737
318.8053
341.2997
332.8609
337.5381
369.2486
391.6648
346.8795
295.508
317.2735
325.0463
363.4797
335.0301
347.7226
339.0311
354.3203
320.0883
326.7242
339.5307
361.5509
364.2344
326.9744
342.7825
352.3327
339.0858
318.3374
341.0481
323.7098
359.4119
317.0751
321.0251
336.6699
348.1827
347.4401
320.4712
333.3042
328.8804
356.9677
353.6859
377.4423
373.7128
349.5595
310.2486
339.7984
313.6908
350.7495
386.0408
354.8209
338.6743
340.9069
338.8966
346.1944
332.9822
330.0299
309.9724
382.2383
361.6694
336.3413
367.0262
343.2915
360.3945
348.5222
325.0903
343.3968
350.8247
330.7035
348.9933
320.7529
329.3353
307.3836
339.3085
360.6015
319.3659
342.9405
364.9981
311.1427
343.7973
344.0842
324.8855
326.8113
332.8429
324.2181
310.2938
350.1686
387.737
323.7207
360.9383
365.4296
314.6777
335.8264
369.3739
364.4763
364.6753
369.4984
351.4156
348.3873
340.4114
319.7421
323.7191
348.051
366.1295
371.5273
378.977
352.3803
318.1214
345.3925
329.0308
336.5159
384.2899
327.0877
328.8206
311.8267
334.6374
334.6729
305.4371
337.0032
350.4138
331.2388
331.7329
320.8015
331.636
352.8776
344.3015
368.8723
341.6547
316.3009
348.7612
353.0247
345.3027
335.1289
301.6011
358.4759
341.0723
364.0851
338.209
336.3359
321.6518
335.8784
357.1578
362.7259
340.0855
324.8342
352.6806
380.2084
334.1294
301.7565
346.8877
399.1915
352.7884
331.9063
340.6592
335.2727
370.7142
372.0407
345.9439
314.4128
324.6576
323.5684
352.0743
339.1229
333.8413
333.5075
333.4596
323.8232
341.9601
335.8972
332.2294
335.4311
363.3976
332.1369
315.6305
321.5001
356.1889
337.7745
361.2065
322.92
333.2554
335.842
343.1682
348.9457
334.3408
358.38
359.5337
326.2895
352.7452
344.4292
334.5508
312.3303
327.7035
364.4403
357.3725
372.4364
347.559
336.3893
386.0212
339.641
323.5545
347.774
375.2322
362.3426
360.5901
335.9974
361.5249
360.7927
355.4751
334.8587
321.3396
326.973
325.7911
327.0779
354.7958
318.6389
357.3189
336.5363
355.502
358.9017
360.4718
318.5632
343.982
348.779
348.2793
377.9098
341.2863
336.3808
359.0747
358.2582
347.8358
325.5823
363.7235
356.5049
324.1918
373.8545
357.2532
324.8035
327.0843
343.5643
362.5685
347.3928
352.6821
353.9203
338.8882
360.204
333.9035
311.7163
334.4567
339.2557
304.6736
351.8501
343.5947
346.7727
327.3927
318.7337
360.1571
342.9823
325.7661
324.0208
321.8375
346.9869
341.855
324.9296
322.8129
355.3443
321.7449
339.0115
364.0864
319.4023
346.2535
312.9686
352.5732
352.8391
360.3508
313.2776
340.5568
347.8235
376.1148
353.2594
323.8462
369.629
327.3618
342.1065
339.9509
337.1364
321.6236
325.3957
333.2916
345.8057
339.1056
332.1212
332.4595
334.2573
365.0525
330.587
323.9639
361.4582
355.8455
325.6002
350.3152
299.0766
352.6174
359.6614
371.4776
353.7847
312.1552
339.1027
336.2302
340.2017
351.4256
359.5062
334.0474
348.8481
338.7738
330.5099
320.3499
330.88
318.214
346.9809
336.9757
341.0562
308.3242
331.2624
324.6051
323.6362
325.1988
345.8606
332.8422
338.2627
328.3101
349.91
347.625
335.0708
334.669
350.1671
332.2601
340.9504
356.3195
361.2262
358.3268
328.0997
329.1846
331.8759
373.7927
365.6383
383.8964
354.2391
363.3123
349.8805
354.0853
317.9679
328.0331
320.8916
313.908
348.7091
323.8604
362.9645
373.2286
362.5979
348.0341
336.5886
338.7757
323.8301
345.5129
366.6023
335.3047
341.8515
352.5998
349.9923
349.7481
330.4017
337.1664
320.1373
322.2972
330.7678
361.8741
342.1586
329.9236
318.941
329.7741
361.0648
340.0884
345.137
326.0492
331.4431
308.3772
335.8907
343.9936
319.9589
341.7598
347.7405
337.1202
341.6142
337.4195
322.5608
326.8674
333.8449
351.0476
326.5693
329.5063
343.1601
334.0932
356.2023
333.8215
350.0812
333.4785
362.5785
365.4754
334.638
353.5939
357.2004
354.6801
371.3501
391.9586
352.538
350.174
353.2619
352.7285
352.0267
375.0886
371.2003
332.7044
345.2313
373.9529
361.7231
333.1925
320.334
352.4827
356.8848
344.0353
341.2196
334.4044
327.0426
328.4089
301.2933
349.4333
360.1636
360.9004
317.2749
350.7105
348.0712
370.8148
357.3816
358.5023
334.1342
358.0086
355.364
350.1507
336.4212
339.7002
334.4604
339.6109
357.5212
337.8857
330.3677
339.6501
365.0215
357.4225
330.514
348.0266
339.5136
342.0478
369.2385
345.5474
350.7777
345.8497
317.0242
324.853
334.5381
355.7022
315.7967
341.5378
348.6872
335.2086
354.8696
348.654
349.8398
329.9143
343.292
364.325
341.9939
312.2489
304.6684
343.2303
314.4522
349.3373
350.8547
336.0332
325.4062
342.0522
336.7893
341.4028
346.3929
337.7435
352.6064
324.7675
327.5749
348.1085
347.566
318.1171
327.9779
344.1253
359.0984
368.2035
366.1607
331.5293
348.5402
345.2582
317.4971
336.4594
310.0974
349.7739
339.3319
344.5263
348.0996
321.2135
341.0143
339.7111
347.041
320.4231
346.7709
341.3777
343.4962
338.7204
337.496
356.4575
327.5159
360.6293
336.8572
340.317
369.3466
331.1128
322.8736
356.5444
323.5015
314.4523
341.7271
334.7539
346.8569
342.3491
353.6292
294.1939
328.238
311.4216
334.6004
345.5704
322.192
299.395
325.9682
347.309
338.2283
360.0777
338.5806
340.3542
369.2074
347.6081
328.7821
389.1135
320.0864
353.9805
329.0327
378.0211
346.755
357.1495
328.176
341.5895
335.9692
334.1018
345.641
336.7883
322.6506
337.1887
318.4225
341.866
344.6732
328.3328
326.5468
338.1192
345.0781
331.7421
356.3976
339.9183
344.0474
355.1425
348.0838
320.4617
329.9949
321.7421
338.6513
370.6629
334.89
355.7148
339.5833
359.5386
321.6294
339.1592
336.6282
305.6099
331.5817
355.3407
325.8887
349.5177
332.2981
333.5197
336.9871
353.0873
314.2666
354.7532
324.8708
317.6065
336.4596
358.8038
348.9805
315.8518
329.3001
359.5026
336.3231
325.0061
311.0738
332.9293
332.8566
370.7698
342.1908
340.8663
343.6324
322.1879
357.6041
347.6819
315.519
354.0058
362.0348
360.7474
344.8651
334.8905
335.8667
348.116
346.5274
345.7202
360.553
320.8436
329.8966
319.3884
345.722
340.4895
366.0955
318.4784
324.3446
380.4464
324.1903
337.1021
335.3896
349.0035
332.0793
352.5698
347.7859
335.7246
350.0015
345.4138
325.7451
359.1711
372.9426
359.9997
327.1281
362.575
356.6147
328.2878
330.9019
314.9487
336.7395
335.3159
329.99
355.8285
334.8747
368.6062
356.1832
339.0423
365.8924
342.6224
326.4401
320.3551
326.5751
331.634
319.4037
325.192
399.6909
358.6498
346.3771
337.2835
332.5993
335.4803
333.7147
322.0206
336.7756
368.763
342.0476
341.0644
311.1836
330.8172
311.349
325.8077
333.5903
325.519
340.5337
343.0742
318.5283
344.089
329.9901
305.1094
316.6167
334.4246
335.1443
343.0793
313.5374
350.9268
312.2409
358.7075
346.4187
361.6073
351.6768
351.5542
317.894
347.8342
328.8073
335.5161
363.7403
323.0996
322.9155
340.6572
325.8292
321.8912
335.7477
340.9191
336.9891
339.4663
369.8875
335.4068
336.1591
354.6512
346.598
354.8099
352.1075
340.9301
342.4163
328.346
328.5136
331.5218
306.2735
360.7423
365.6485
364.8575
354.5849
334.9397
302.9052
330.3861
323.2173
354.8667
345.1823
354.9662
347.5063
323.253
354.8304
305.2833
337.9061
308.867
330.7282
358.0474
328.6276
318.0304
307.6899
338.746
344.8888
336.823
351.711
333.9026
305.1573
346.8454
314.5117
343.4028
328.4129
328.9555
353.0044
355.4091
372.4573
323.6998
378.0457
388.7334
330.7861
318.9661
352.2848
341.1263
326.0334
328.5768
350.5605
344.9225
366.1332
352.5633
345.7033
320.8785
344.1567
356.2253
353.7683
340.7385
347.6693
350.9561
368.0237
321.231
327.044
326.0126
392.795
360.5968
364.4638
283.7021
363.2652
367.7282
357.3213
336.1072
328.2612
338.4352
299.913
350.2936
321.7972
349.1264
314.3369
376.3251
331.2528
345.2326
328.1883
330.6334
335.3616
323.3302
323.7585
321.5369
345.6537
331.1362
349.6817
350.1656
345.1043
355.8013
334.6105
361.006
364.5521
314.2643
325.4646
319.6383
334.658
320.2379
316.9731
337.5562
351.2608
335.6662
313.5536
349.0219
337.7576
324.5676
305.3899
331.8191
342.7737
343.7887
331.4778
354.0804
324.8047
328.8047
360.9696
326.9609
341.5324
333.3268
325.2012
364.3456
360.2991
320.8449
332.327
308.3085
369.5521
380.4412
348.1723
351.3527
338.7196
335.1744
343.7177
335.2415
310.6143
379.4946
331.2004
331.3668
333.736
359.678
360.653
361.5759
353.592
333.3954
368.636
336.3043
381.2158
364.461
330.3813
341.3993
334.8741
333.6675
340.3525
339.3904
340.6965
319.3628
363.8128
329.0458
344.8405
344.8094
345.7202
347.5332
319.2643
357.1371
311.008
343.9583
376.2902
382.9382
348.0275
378.5335
341.7899
331.2618
340.0509
343.0866
321.8706
344.6018
330.7651
365.8722
346.3153
324.2841
328.8313
317.3593
325.9736
335.7257
324.4189
336.6161
342.2197
369.6413
371.5159
339.482
347.2272
371.3797
359.5915
344.967
348.9937
369.0634
345.0861
342.4597
336.2633
326.5666
327.865
316.7413
337.091
348.5794
335.5262
341.2356
348.0552
356.7299
343.8796
369.0207
330.7294
304.7222
329.5928
345.9877
333.9742
319.4815
319.5939
323.6116
362.4738
315.504
335.5957
318.1225
338.2924
327.0311
343.0356
356.1623
326.5129
324.8025
340.1719
324.4571
319.8177
358.5
349.2607
343.8806
359.5669
348.1494
331.7288
334.9295
319.6666
330.7585
332.4296
345.147
324.9191
323.843
334.112
370.8978
346.4365
387.7718
339.4091
331.204
342.4915
342.4965
365.7778
320.271
355.9448
351.0496
338.9738
327.9905
319.6486
329.9234
334.7809
366.9857
350.008
362.9617
335.1185
341.191
358.9174
351.4809
330.0714
346.0226
330.2337
326.0738
323.1997
339.6224
326.3867
347.685
315.5664
337.7376
350.5622
342.4265
330.9524
362.6948
330.1329
343.0706
352.964
346.7131
323.1927
313.094
353.287
304.9734
348.8787
305.8639
358.4911
361.975
340.0006
336.2778
361.4606
342.4584
352.7368
354.0113
382.81
365.2648
334.4686
317.2787
344.3564
354.3701
350.3392
345.4124
370.9662
361.8019
377.4456
335.1883
342.3381
363.5846
347.0368
353.6747
344.4507
369.9419
337.162
378.0705
364.2249
383.6601
340.6093
361.0515
367.1297
341.3381
337.5003
353.2548
328.1671
362.2544
327.7029
317.5794
318.0674
350.4379
374.0563
376.54
350.0586
361.017
314.3448
348.8168
368.9393
337.6801
325.4791
330.6284
336.7484
342.6797
354.2939
337.2881
382.1267
346.8055
322.184
344.2939
313.6368
336.8064
327.6258
348.3648
334.9975
351.9304
329.4705
337.9016
332.2282
351.8248
344.6339
335.1445
361.3876
340.8105
321.4086
356.8513
360.6046
354.8622
331.9358
347.8397
354.1485
342.5823
344.4502
341.998
340.3957
355.216
366.2882
351.3312
317.9498
327.6147
336.5527
341.4568
357.9578
367.9219
315.3308
350.6968
358.0611
362.4805
338.0874
330.4227
327.8297
323.9034
334.6488
358.6535
356.1146
349.5598
352.6508
321.9952
325.8106
346.6814
357.4543
320.9921
316.4179
348.3329
318.8857
369.6073
341.8647
308.262
310.0064
323.1435
326.7101
344.6293
367.752
328.5894
326.419
328.2315
307.4228
352.9786
329.7854
331.184
333.3265
312.365
339.6308
348.1472
340.9204
369.6249
332.1876
344.1056
312.8903
346.6177
365.6438
347.4996
317.2046
355.909
350.826
321.521
332.7612
337.2445
324.8281
317.3874
362.09
314.4697
321.7956
324.1076
377.9853
335.0173
346.3275
333.7608
304.4267
338.1995
359.8713
358.6957
351.3465
338.4511
361.9601
352.7833
333.8525
322.0117
332.0245
337.9176
342.9106
366.4754
347.3381
331.6857
340.6523
364.8233
349.5259
336.5169
325.1673
343.3599
365.1382
355.96
345.2378
345.0157
342.9298
349.1106
360.6655
342.7678
336.1171
317.1376
333.5932
352.5576
350.6531
340.0787
345.3414
341.4754
344.8644
345.3406
313.1855
334.1889
366.2812
345.6292
344.3519
324.1242
314.1235
304.6282
306.5876
353.0327
352.1834
352.6932
345.2682
374.9176
340.4489
375.6872
357.7911
355.0101
343.9473
336.1595
339.0896
325.0954
356.0286
338.4773
335.0126
373.6095
344.8528
342.4113
338.1986
311.3816
